2.074661917254094767e+00
1.854327975257237249e-01
-6.253119293570481574e-01
-5.122129192743865023e-01
-7.599570402496638177e-01
6.582011433980361481e-01
5.381952276695980419e-01
-1.860689657655831830e-01
1.183423173991156041e-01
1.114252874785088832e-01
-9.510670094887780923e-01
-4.748974877245097925e-01
-8.487183134497964243e-01
5.151009050602146644e-01
-7.285176180788464073e-01
-3.125182782907571788e-01
9.787480011265796698e-01
6.242657401245037541e-01
3.982249325275555307e-01
-2.883990185428437769e-01
6.156722924337669767e-01
9.391823383547022175e-01
-9.619021424679392585e-01
8.482625054287582511e-01
-5.942648612749781289e-01
2.134322567264301806e-01
2.249114823316800127e-01
-3.177964769731520533e-01
1.219803393747425080e-01
5.088948571110138985e-01
6.292898232390078395e-01
-8.604294639107115117e-01
7.998948358697213212e-01
5.127503096088621426e-01
1.709568651982138476e-01
8.901133305078117175e-01
-3.361423485910624009e-01
5.240893589300759103e-01
-8.918252557047874340e-01
-7.186017213438107287e-01
-7.925220554947747242e-01
-4.196046772251493806e-02
7.726069226860843298e-01
7.195417075843928423e-01
9.439543376142249809e-01
-7.714842263180388127e-01
8.668947832947120347e-01
9.530115871520474791e-01
-8.203042976352792337e-02
1.372039343923248111e-01
7.571765636329705895e-01
9.410251326409406758e-01
-1.878394113155534839e-01
-7.127919853824151719e-01
7.392071474573258527e-02
7.744600856465748695e-01
-8.533136229422673136e-01
5.692884695622992819e-01
-5.478701380858721492e-01
-2.048985452723206535e-02
-3.106005452113356213e-01
-9.933499920665174177e-01
8.912669285317549317e-01
5.422177247878954276e-01
5.633406133185352438e-01
-5.409672926869233400e-01
-3.662704356614205903e-01
-7.540536619442612665e-01
1.419505959620341873e-01
-6.659959560501307330e-01
3.036805711776533467e-01
-5.570273610771308004e-01
6.399862350716551962e-01
9.661105700503351823e-01
8.698806096082254413e-01
6.851969917166489399e-01
6.113783470366811468e-01
-5.266732210892197674e-01
-6.622035096239706764e-01
-7.743021499721045586e-01
3.707323615998681099e-02
-6.928973862044236487e-01
-2.148437060710715052e-01
-9.207335752606862211e-01
9.203712755903148413e-01
-8.655262382008852562e-01
-8.103020563888383432e-01
-5.619785657467790685e-03
4.246904691228223783e-01
9.176481570192891457e-01
-8.611740676791117544e-01
-6.010554728231933819e-01
8.624897473206940557e-01
1.714058736977848163e-01
2.981964477253529200e-01
-6.671655322508769359e-01
9.653593701815932349e-02
-1.410044591719283869e-01
4.981380639724926063e-01
-3.801621809547484077e-02
-7.523479856479495798e-01
6.545955388296875732e-01
-4.714865937065346735e-01
-4.957347169938610687e-01
6.758274411882840838e-01
-8.832507893400842747e-01
3.571496446068451736e-01
3.140383345254045278e-01
-8.643841278353106006e-01
5.988692636038353001e-01
-5.734583175097518470e-01
-3.143773775449967278e-01
5.432959476104790575e-01
1.457127384244549795e-01
2.629677934040335341e-01
9.388199692481877801e-01
7.901536390198093951e-01
-7.662662093188106205e-01
5.352151310882580226e-02
4.175198020292585355e-01
-1.159868582299439232e-01
6.584179031159391737e-01
-2.446008261449084120e-01
3.280238109176414341e-02
5.997645400818527595e-01
-7.754527325707722962e-01
-1.453694852250757563e-01
-5.174081898867386453e-01
6.688643141289878358e-01
5.261456537403508271e-02
-9.019105798885389547e-01
-4.416737143469706695e-02
-9.557404768172022003e-01
6.472700137497338080e-01
-2.443191495051288964e-01
6.390960164443004743e-02
4.589021197029370391e-01
9.895382566355330756e-01
-9.628637558905779326e-01
3.583438808094958627e-01
4.065165478385064368e-01
-5.401077498649440312e-01
-2.621725044550193839e-01
3.370281523057849782e-01
-2.565359209501569815e-01
8.634152890661728197e-01
4.396549230441879619e-01
-3.482463161425666254e-01
2.433966712857831283e-01
-1.209578335620655754e-01
9.000750431602759782e-01
-4.665843681060810599e-01
-5.450408894268745641e-01
-9.209500900163547499e-01
-1.917322114597208582e-02
3.762713213972845860e-01
-2.318126122537138567e-01
-5.271639407535639865e-01
4.900731319544635589e-01
3.210881727124919038e-01
-2.272509509257303328e-02
6.903303990042606308e-01
-8.799043701169217968e-01
6.237533288595997760e-03
-6.655398411407320580e-02
-5.391122957501870427e-01
1.387434594461884885e-01
5.322709891451626874e-02
-3.877466459006022603e-01
-1.072980366372087158e-01
5.653658343990228818e-01
5.179915110523296562e-01
-3.569552353923568511e-01
-9.691482269510032221e-01
-1.751596664398691328e-01
8.979676853106868251e-01
-2.013927629913436768e-02
9.592412140704231760e-02
4.627205002353120822e-01
2.673528674536846950e-01
-9.695616699231359714e-01
6.637590696475061947e-01
-6.696571354109015495e-01
-4.200021527650059650e-01
-3.838679317545099501e-01
-6.091201172606424130e-01
3.487289489381704133e-01
3.512749961942491783e-01
6.473126947275675835e-01
6.983622108070575152e-01
-7.540169862932328826e-01
-4.109530659264168939e-01
-4.606654276975983286e-01
-6.598677469964910891e-01
-9.599914396913469261e-01
-6.508849269753573807e-01
8.150595455263374145e-01
9.095698423282716494e-01
7.308074815551257597e-01
-7.005992719155511583e-01
-1.992107690050786140e-01
-1.564707729637637712e-01
-7.030389830097956150e-01
6.520648433570015445e-01
3.141238851363330475e-01
-5.131572246888034261e-01
-1.542989347544332368e-02
4.070863778958100365e-01
-4.973424779080550806e-01
4.222215453925197703e-01
-5.949333414294399880e-01
-7.541243314107586304e-01
7.301860867008795886e-01
-2.254480074958720159e-02
9.556172786251559970e-01
-9.259636990644048993e-01
2.583730747209658229e-01
3.263994860516685748e-01
4.786333986277693242e-01
-7.334080579871349315e-02
5.540330347073449957e-01
9.165802696866109933e-02
-8.228447720652487529e-01
3.717435266676809569e-01
-5.375468026916809805e-01
3.210453285873438034e-04
-1.935859312107510721e-01
8.202243104750248648e-01
9.344320140240955919e-01
5.294506016908140378e-01
-3.125195862644407629e-01
5.205701264782784943e-01
5.698671605456318012e-02
1.275501559350995517e-01
6.692825235187327415e-02
-9.979770620275316695e-01
-7.169975221010074229e-01
9.545627488010857142e-01
7.958774830653725374e-02
-2.493603123720391501e-01
4.884975876645467618e-01
-6.238836185810252566e-01
2.934251873495425933e-01
5.945371593636334939e-01
-6.525704873513273885e-01
-1.691664821548268804e-01
5.521805088623532587e-01
-9.804720565385613984e-01
9.386767352621532279e-01
-4.522931575255775272e-01
-5.151071566632106080e-01
-9.249953343604251366e-01
6.223001479234357980e-01
-8.926062139289034914e-01
-5.159865249585895430e-01
-2.972802227224002891e-01
9.204979047364638678e-01
9.411759077958374853e-01
-5.814151632844464235e-01
-2.701309852264155431e-02
-1.600408910807478158e-01
7.236544386158005882e-01
-2.792675690742998373e-01
6.363838958587826333e-01
6.609685188433567227e-01
