2.464802961177725571e+00
-6.668705906143670425e-01
-1.466395606683934538e-01
5.531125769077602783e-01
7.137867244941620282e-01
-2.717350154252562433e-03
-9.102432224621466172e-01
-9.840167341721148819e-01
5.763231953763359172e-02
3.914284590431333921e-01
-8.931374999200036857e-01
4.562790454056044886e-01
7.884832154924212855e-01
3.332933757246583362e-01
-6.917063718932969785e-01
3.060703262256889712e-01
-6.464125584258186841e-01
-8.059003563088862343e-02
-1.103197632750301249e-01
-2.136570315160810640e-01
-9.647356188896076823e-01
9.292454028857102255e-01
-9.099916895856325905e-01
4.841229005921368067e-01
-4.594847330698415000e-02
-2.675232748203568711e-01
-1.782869587238342657e-01
4.931671565200681506e-01
-8.519553237381201072e-01
-9.439540638922478966e-01
7.794438200275752848e-01
-7.421260675761389702e-01
5.944377728753160728e-01
-3.791923189937791427e-01
8.048749789109854724e-01
-2.804793981174582562e-01
8.109196936102160969e-01
6.360849069665153177e-01
1.936457608493939997e-01
-6.053903639027957695e-01
2.541277724917867520e-01
-2.867681070291339118e-02
4.962715393057697266e-01
-8.975123627728809339e-01
3.206925452498141649e-01
8.165023948079397353e-01
-3.049487853199550624e-01
-1.750434795031083901e-01
6.625373682809287956e-02
-4.584041820427824376e-01
-3.218240818752127197e-01
3.187807863017975141e-01
-6.424574258890025646e-02
-8.317871672857970466e-01
-9.293098006898095065e-01
-7.174443076319065860e-01
1.920267805663620209e-01
-4.613615029567113002e-01
-8.112066239959112579e-01
4.802323567012150018e-01
9.368651776244636409e-01
-8.264175607639667742e-01
3.524914778766634615e-01
-2.433644423885323871e-01
-1.876166591045651533e-01
-9.167670018388027753e-01
-1.700592852548143963e-01
9.945809299643439960e-01
5.222980809222776966e-01
-9.352309341528175501e-01
-5.908266106393840200e-01
9.630174973012413098e-01
-5.908001570933278934e-01
5.684841669257243435e-01
1.725232008008976692e-01
4.779780483299056471e-01
9.222100647658464379e-01
-2.990719610587766475e-01
-2.527670353334972031e-01
1.797024480002475944e-01
-5.172513581936422078e-02
1.434987953139714723e-01
1.484993254549293873e-01
8.401662239419496192e-01
-2.269692456019338778e-01
6.945574671615526441e-01
6.146885026168691368e-01
-1.822795824603027359e-01
8.940390516240228624e-01
-2.265055899399595063e-01
-9.340588248255565773e-01
1.235644477655506446e-01
-7.745924856005315107e-02
-6.618324200556933157e-01
5.502061014888592894e-01
-9.644752262043316815e-01
-1.396078770040989347e-01
6.462069819533839965e-01
-5.675491863691763950e-01
5.000615958131191530e-01
-8.764201877465707113e-01
9.838161717127240635e-01
-1.501240549777123068e-01
-1.083567253752280024e-01
-9.401775077574521244e-01
-7.752893894135248765e-02
-5.415132904683794823e-01
-5.538983012019105256e-01
9.204652398460599905e-01
-3.827266001719689115e-01
-4.153481280242643514e-02
-8.582086872962779722e-01
-7.139108210795734877e-01
-5.952519089555188270e-01
3.290608644742245570e-01
7.007457309885245511e-01
-9.207583860878092441e-01
-1.365647392436863949e-01
6.715376468780576147e-01
1.799894541430155925e-01
-7.893393892894662311e-01
3.836202028908033412e-01
-9.116763053732617195e-01
3.953793050924900854e-01
4.801183052727115985e-01
9.456537883798685762e-01
-1.179812659580070644e-02
7.380685379838443083e-01
2.689207704596063842e-02
-5.674582776148551222e-01
-2.426848489372157580e-01
-8.317940166307016270e-01
3.502131547352809182e-01
-3.420992888245668606e-01
-1.893038342711861333e-01
5.934198137134791828e-01
2.960432749932078167e-01
-4.203618662215480306e-01
1.356565942550793658e-01
5.364623047460117533e-01
5.438985511315286292e-01
-7.968041044131606299e-01
-5.248080947894289139e-01
-8.497258172230408579e-01
-7.539325432608459110e-01
8.359856673447585429e-01
-1.738388392771808011e-01
4.177027764499297025e-01
6.702366178911276506e-01
-4.167625911845813658e-01
9.346260719081258550e-01
5.735097987914452577e-01
1.296389282792409503e-02
-8.772394562963852227e-01
-4.400776047556496096e-01
1.230667026507514805e-01
4.927579817169684961e-01
7.019830282485910455e-01
9.384498578585114270e-01
9.007318702609681260e-01
7.004447218901292960e-01
-6.009368176581584287e-01
-2.164636356582436694e-01
-7.302318797882345613e-02
6.238094012086747853e-01
5.128391879269007525e-01
-9.037752986390179544e-02
-4.040645914338458766e-01
-5.740076055899918650e-01
-8.060100958219176270e-01
-4.417562845527394089e-01
7.663087118416407328e-01
6.887224204961102103e-01
3.563910122327706986e-01
8.877492096322769921e-01
7.620050909145570373e-01
6.298448547102728501e-01
-3.981114287266864782e-01
-2.422506080009154683e-01
-6.491317700689060999e-01
-7.197656911831213922e-01
6.819948937511108866e-01
-2.082142386970580183e-01
-5.104566589422556699e-01
6.613127430761478465e-02
-2.683658815557639077e-01
-6.197128007209751210e-02
-1.556353304137569893e-02
-7.653563111789905005e-01
-2.245322810725596252e-01
-1.580770525321766318e-01
-6.405561876491017159e-01
1.426800445142308860e-01
6.701504106695155283e-01
-3.586582205227444309e-01
1.641121056258667554e-01
-3.582523308725491518e-01
2.343592114526236170e-01
-2.781668078389440968e-01
6.496018717618379235e-02
9.296630464414292749e-01
-8.815328504071979765e-01
4.256169972475243313e-03
1.095631193293618022e-01
-3.894152682277756128e-01
7.760957508817112327e-03
1.022336810512132210e-01
1.912006115133531026e-01
-4.890228215001277690e-01
7.072108194618684784e-01
-1.839215352597936004e-01
-2.193471154902957299e-01
-4.306527791391134841e-02
2.965635662120131855e-01
-7.329047168297160297e-01
-8.239048951709997404e-01
6.904805282623502904e-01
2.693050997432113736e-01
5.232663541659046125e-01
2.192281455104725385e-01
-9.675192241020351691e-01
-9.150508636229512938e-01
1.259643546548205872e-01
-5.270729998361363133e-01
-7.456661078546116261e-01
-8.816056328962851296e-01
-5.907591809612580125e-01
3.879774507216029455e-01
2.224431668158584063e-01
7.142503913207627342e-01
-4.828637619617182075e-01
-2.282940605357539621e-01
-7.357303472922731569e-01
-9.548958622714516231e-01
4.295178240239279077e-01
4.682892117953223465e-01
-6.423123217697255249e-01
2.863179667988540178e-01
6.039363680289853153e-01
-4.161674407290403277e-01
-5.050165509645414552e-01
-3.727967122288258217e-01
7.073595122234705990e-01
4.069052188516757429e-01
4.314251800134607517e-01
-3.164208158280390482e-01
-6.763466080235329692e-01
4.099002474115469585e-01
3.959066709653389360e-01
-6.874125803310804361e-01
3.732011821214742398e-03
-8.731205477732111309e-01
-7.385050686571474898e-01
3.301714995131388442e-01
9.607333798730148811e-01
9.994917851777107565e-02
-5.120872765897110934e-01
4.248703084559373178e-01
-4.443661990503553483e-01
3.669539185721504282e-01
7.955637441657477105e-01
7.689653269475136277e-01
-3.432318825161750908e-02
-1.227177931612282169e-01
-7.814992538741081241e-01
