8.598654555592166737e-01
-1.044628761650507887e-01
-2.584679711259794122e-01
-3.249895037392092068e-01
4.968803517164122052e-01
3.016047390116625149e-01
7.864850115863775137e-01
-5.225082701177443667e-01
6.547359390371130239e-01
4.549567373240657187e-01
2.971419894361631009e-01
8.276451331013672252e-01
-3.735772872543214884e-01
-3.149398680960093788e-01
2.847320678766440682e-01
6.464507026492460895e-02
-2.569893053955631945e-01
1.776932276457510174e-01
-6.526265761741876226e-01
-2.132586045319169177e-01
2.791483263289111783e-01
-2.225214030048501268e-01
9.224341819765362604e-01
2.159478265632037708e-01
8.076752786704588516e-01
4.912859908481819193e-01
6.582488227855698426e-02
-8.597114946700707971e-01
-9.039478888950036595e-01
-3.347428412144486387e-01
-8.458543084509788645e-01
-8.060966314068784833e-02
-7.378562953013441117e-01
3.400116066106309010e-01
9.251273166503592993e-01
6.141627571697367838e-01
5.536755029831064157e-02
4.284843226461116927e-01
-4.012615989676078243e-01
7.751257517661676033e-01
4.013166635951017636e-01
-3.521330392017976152e-01
-8.465140396951684743e-01
3.775304793171245787e-01
-4.855332931710902855e-01
7.638783949715639565e-01
2.406304555228977460e-01
-7.199214125692277033e-01
1.869235888019105118e-01
-3.066271490541327971e-01
6.945827380368743142e-01
-6.593123018701088078e-01
-7.724931395952059354e-01
-7.123421590202583253e-01
3.097308447511075702e-01
-1.087051434720309739e-01
-4.541377592205031455e-01
-4.179496809324740880e-01
-1.320809401225342405e-01
6.252238029113328377e-01
-7.162577217897492243e-01
4.038952698862396939e-01
-3.786111204148172593e-01
7.241940500611159237e-01
-9.274358112273404231e-01
-7.110676557022230782e-01
-1.771663852155658248e-02
7.316627978066525539e-01
-4.264429474668534059e-01
-9.218079432497956471e-01
-6.418075118884021268e-01
8.413036249322431992e-01
3.575454567747724521e-01
4.716159147474645597e-01
5.942407889523979581e-01
1.050506884212885073e-01
-7.986469516592769047e-01
-6.244168599775723472e-02
3.221865879971308466e-01
-8.484203877050133791e-01
8.898594247773410348e-01
9.363713606889318974e-01
-5.113181302394709249e-02
-7.685556479826660681e-01
-3.836096401840987102e-01
-3.829280594021005069e-01
5.420881620357440589e-01
-9.957058484631000628e-01
6.796658576017367004e-02
-9.095788672869735692e-01
5.659435936441217230e-01
1.546566743678219336e-01
-9.715004565775124945e-01
-6.911182067952275077e-01
2.014820447971670259e-01
7.754798297083327352e-01
4.877820068696527844e-01
-3.316787893887198635e-01
-5.104294428964000208e-01
-3.805445580563115993e-01
-5.589969613988350350e-01
-4.777847191305741870e-01
3.059814818172514883e-01
8.353552651883306979e-01
3.249640013311807518e-01
1.848032387032083612e-02
-7.714329898669205487e-01
-3.490916980618079535e-01
7.427806868689967867e-01
-2.936048774285235918e-01
-7.435535283782721550e-01
7.597733481678814460e-01
2.606755282286492559e-01
3.432409046286486465e-01
1.438156379709474297e-01
4.869981996406340663e-01
8.131794533610154918e-01
5.496614513003084124e-01
-3.280073227572937178e-01
1.577537117273153378e-01
1.831422383568022116e-01
1.956363605987101462e-01
3.075539191519383042e-01
-8.050802179608815834e-01
-9.753554384287614898e-01
-2.841415195983727493e-01
-5.302531613308263392e-01
-5.410661763141062508e-01
-4.477890915915161418e-01
-9.959264257550348720e-01
-5.136435094162794535e-02
4.480389567039899656e-01
5.170321957839745242e-01
-5.350803046983887423e-01
3.935208299513655028e-01
-3.377020681564739668e-01
-4.762842980925308112e-02
4.595038120656236291e-01
8.376529159138756953e-01
6.351392713965766657e-01
-4.362933617634445760e-02
3.987503462998411852e-01
7.442535228869548991e-01
-2.648348251259378117e-01
1.956022835629172008e-01
-2.356013283022091453e-01
-5.437262337380559529e-01
7.480199480093960851e-01
-5.535836488851488824e-01
5.862274066852961596e-01
4.796177466331241757e-01
1.989827836700659436e-01
8.042998819963478319e-01
-3.671216921090314500e-02
-6.609411574919024090e-01
-8.099098442003223042e-01
8.422180334106967869e-01
6.322541002437569446e-01
-4.252850272894754813e-01
4.184457481338414997e-01
7.896260724804982090e-02
9.714171522036647577e-01
-2.862960715700439973e-01
5.876257449537158895e-01
-9.933468862190066861e-01
-2.488357833359660098e-01
6.579122091733613509e-01
8.152058456595607794e-01
7.062384591017831781e-01
1.534793238824665451e-01
-6.540467287292341947e-01
-5.538263748564904443e-01
-7.082645454673150986e-01
4.068002391929292916e-01
1.846878415525385897e-01
5.806992923156677477e-01
-1.845628014048821264e-01
-7.565381962060513388e-02
2.685888085975853823e-01
-6.303500112043083359e-01
8.957166039285535675e-02
-2.224756052307743648e-01
-5.466315924907483303e-01
-6.412165731022798631e-01
2.502522674192708685e-02
-4.025114425999318790e-01
6.003754346983949386e-01
9.104159947729553171e-01
5.858790474809527637e-02
9.710992779202232139e-01
-2.985139074500202661e-01
-9.484237740693124419e-01
-8.935117172264357421e-01
-4.363253273965224110e-01
-9.430002922929685560e-01
3.428520337410929653e-01
5.654419536073900243e-01
-6.182672718690647162e-01
9.540666075181252204e-01
-6.235150593233018679e-01
2.215911278160755948e-01
4.700633756069159119e-01
5.330941009589569290e-01
6.757546711831157182e-01
8.893676746060006355e-01
2.995448290136173419e-01
-8.015969452537068385e-01
9.044216458897711419e-01
1.019233064098874486e-01
4.108866517767484350e-01
-1.104777299158474779e-01
5.709098216873109699e-02
2.966739964281626118e-01
6.633234604944071577e-01
7.477767509791803935e-01
-4.351027691252293828e-01
-4.325913644479875142e-01
7.645842635162274359e-01
-3.273153710330600763e-01
-3.016186328589136600e-01
-7.409295898187600038e-01
7.019944319917437170e-02
-4.289447639886465602e-01
-1.829070484049539758e-01
-2.116679608560130266e-01
-7.708652313684205559e-01
-5.450399777476335750e-01
-5.076506761823649239e-01
-2.888920266233991896e-01
-2.022094580524678165e-01
6.060443280506542241e-01
-2.270093759701963254e-01
3.651197550022675653e-01
9.502211147710919459e-01
1.777662600605760534e-01
-9.733254165178177875e-01
1.473679959712970167e-02
6.025884388200870578e-01
-8.225826944285674625e-01
-4.562502408609148130e-01
-1.617324651289524517e-01
7.193527561175552254e-01
9.072326309516263176e-01
2.453391360723329306e-01
-6.444365239979927829e-01
-7.771856916449755293e-01
3.225546491425217432e-01
5.704012300384715406e-01
7.625858684532342835e-01
3.036628329454116315e-01
-5.513156203337268302e-01
-6.226130926614463768e-01
3.477400554332945593e-01
2.950949825107940239e-01
-9.357989277987810439e-02
9.601465006725153906e-01
-7.962819948180184237e-01
7.972086115483945079e-02
7.883738679011842443e-01
-5.545970092294649767e-02
-6.469009790746511612e-01
-8.827155196308806850e-01
-2.046011900531354843e-01
-4.212086475487115678e-01
3.873313019076589647e-01
