1.000000000000000056e-01
9.232271853698079678e-01
-6.026085167155645905e-01
9.473973757120692785e-01
9.503458064812069228e-01
3.333241305648393382e-01
9.484420713199126496e-01
-9.173831330132558026e-01
-8.441363741807210719e-01
-1.061647390274664815e-01
-5.666625342867002146e-01
-6.824312972034807245e-01
-4.796704323477811727e-01
5.158084400886930876e-01
-6.063445987104996160e-01
-3.019751785617084128e-01
8.846358614992066993e-01
-5.640101905923200487e-01
-8.534522598729754606e-02
-1.507577171404081984e-01
-4.869948628785756295e-01
8.344504996328132584e-01
9.926415258100060868e-01
-6.885884005769273841e-01
-9.228373554489133213e-01
-6.682090326029914706e-01
-7.077944011454802009e-01
-4.373267294152689555e-01
-3.378918564100872324e-01
9.676703097069550008e-01
-8.937860998402449297e-01
-4.842472917511979613e-01
-8.011713004114904280e-01
8.897773461976621334e-03
-5.330908438697414820e-01
-4.254965711230642711e-01
2.024974075523022776e-01
-3.162298376719416826e-01
-4.618228894803979578e-01
8.278196583343995218e-01
-6.510623213425410505e-01
3.998658067808933403e-01
-5.914457612618813087e-01
-6.200418721302778380e-01
2.126556742487351048e-01
-3.802737571749219558e-01
2.643919996135659645e-01
-9.258781294521416516e-01
7.235131662966447497e-01
-1.056414237748171114e-01
-4.349415163363801184e-02
-2.408388014196987115e-01
-9.510648036234818914e-01
-9.383437655116821929e-02
2.157761197826508770e-01
-4.311118163713569817e-01
-7.674050637101252903e-01
3.666428156972800778e-01
-4.333468493034395852e-01
1.248250207353414076e-01
-9.445766620422588744e-01
-8.544231901100516335e-01
-8.377619456183518221e-01
-2.888048458019469855e-01
8.449332048315545407e-01
-1.286874435015823437e-01
-4.256849285956101347e-01
7.253125668256725778e-01
8.590991497138622535e-01
9.256146626800492161e-01
7.991986711390282050e-01
4.083254635480759731e-02
-4.997106218426234925e-01
2.746282956302108502e-01
-4.765816532738207378e-01
-9.436793997579009385e-01
-2.089918883856600740e-01
2.875692650543437701e-02
-8.060308971309604331e-03
-3.293941412992396067e-01
-7.659097209735319378e-01
-7.985456357272058270e-01
-3.629429493682811980e-02
-6.121641409756259922e-01
2.427808736357457420e-01
-9.078238459908172242e-01
-5.713817104885494658e-01
3.039299671355304433e-01
4.285080483836323229e-01
7.699213770798274403e-02
-2.339348231013254065e-01
9.505790680874497411e-01
-1.314335925721721310e-03
1.314109000048069298e-02
9.442075731090793234e-01
7.924395118780582781e-01
-8.634974419817067481e-01
-2.478470218669033276e-01
9.278854998355361428e-01
1.333842695100624365e-01
-1.466355621798567377e-01
2.997812350927044900e-01
1.095094332651935787e-01
-9.145682029872281849e-01
-7.464879631141956295e-01
-4.355944362487527144e-01
1.094283760074110656e-01
9.660294803142290831e-01
4.663633119057943865e-01
5.824753290746320644e-01
-2.903242617229651046e-01
-9.492876616313359328e-01
5.880911680368836603e-01
-9.042411762573945300e-01
-3.695769482259334549e-01
2.641201698318560442e-01
-6.044783597947309683e-01
4.957126401237668123e-01
2.352929567397539223e-01
6.877604277876936401e-02
-8.846473796361502551e-01
-5.089963816555074239e-01
1.355687394047533356e-01
3.861997486051782502e-02
-9.439071201157553936e-01
7.051374035670130436e-01
-1.397741916767356596e-01
8.699199353108209021e-01
-1.974946881834473977e-01
-4.231851252887257608e-01
-4.852943054829534919e-01
4.725948311524863499e-01
9.004596157160371650e-01
-2.837888734476468056e-01
6.240132712639365753e-01
1.870734798814095434e-01
3.185180328032579666e-01
-7.162436331879939999e-02
-1.384891572588475839e-03
3.123939385044656181e-01
-7.489075388323434002e-01
-1.818091641221630805e-01
9.300296809418573396e-02
-6.702353957280211549e-01
-9.571838193170671971e-01
-9.680699152619332004e-01
-6.125635796464883320e-01
-8.396119547408313899e-01
7.651857261702483815e-01
-5.470863494420601381e-01
-4.233389514919283503e-01
-8.583649884839512634e-01
9.698257706085953167e-01
1.567065438128407706e-01
9.266769918789306004e-01
-3.417885689918602754e-01
5.640356885569179912e-01
-3.095124455642450645e-01
3.980680086069756651e-01
-7.214840754952711599e-02
5.189063321626343761e-01
-3.853010935022804784e-01
-4.405517446646223245e-01
-9.173587489348868917e-01
5.427788299426745677e-01
1.238068160693208686e-01
3.781993388189834882e-01
-5.993174072895268711e-01
1.102324113794508342e-01
-1.034972492725534376e-01
-2.472509502085384892e-01
6.388735613524865187e-01
-8.833895522595986982e-01
4.626324873220795109e-01
7.882538631895634751e-01
9.703909222856703654e-01
3.625042903612489820e-01
6.132218739776789107e-01
2.687907871262669168e-01
9.884268457803895291e-01
-1.359262101294276270e-01
-9.921363101349125468e-01
-1.434815989959385973e-01
-4.539654752815636130e-01
4.720875802563668788e-01
-5.608270291082932957e-01
-3.126301673638425260e-01
2.795807074760270350e-01
-8.502338111923386510e-01
-4.495052985410761259e-01
-5.654250419549717854e-01
-3.286893278708202804e-01
-7.967593220991242564e-01
3.826459653481162348e-02
-8.854003377824923859e-01
5.579988297839404421e-01
-8.164882080304736167e-01
1.490454615203613553e-01
3.526864253123984660e-01
-4.187498225842889443e-01
-6.260132319689928337e-01
-8.775148309426634707e-01
3.795149556932535528e-01
7.623919232367435406e-01
-1.448035925149233627e-01
-2.053707831905435821e-01
1.119479981495521415e-01
-1.828187019078009179e-02
-5.336036590411095126e-01
-5.239200213592840605e-01
-4.556555782295159673e-01
-1.689170156030792569e-01
-1.033681742832419648e-01
8.653281157357284314e-01
4.880221631591075138e-01
1.871521185093001360e-01
-8.562759985209174030e-01
-2.424988977405320156e-01
7.524815801667945614e-01
5.058703524217913472e-01
-6.681844481504783939e-01
-2.733921237035350504e-01
-4.204172345739454197e-01
3.562667190245552007e-01
6.530531664922318846e-01
6.033225139896587486e-01
-9.541301498165808415e-01
9.635435317528011634e-01
-9.097154446254924753e-01
8.690174168871014349e-01
-5.246599264289220077e-01
7.838332881692706700e-01
-8.503184688993723483e-01
-6.235768020040359794e-01
-7.402532672827051297e-01
2.937146872351337201e-02
5.240319148722687448e-01
4.148832062107585816e-01
-3.126929220069452064e-01
-4.235506377177282733e-01
7.850329832918094830e-01
-7.977236139062311437e-01
-8.923493158366373468e-01
5.971129449203822492e-01
9.825080484306734085e-01
6.571831915488000053e-01
9.972730560311966475e-01
-4.963155786537296610e-01
8.785959615179723681e-01
7.121967854603410419e-01
-5.140429738300329454e-01
-7.870676038875905611e-01
-5.238181132847434807e-01
3.143828725679997937e-01
-1.405324255641546838e-01
-4.435968011066870886e-01
-2.075834441547934617e-01
6.814609581723118925e-01
-6.288848063444454350e-01
-5.601906926822710631e-01
2.690749963228562525e-01
-5.257591032067969739e-01
4.437656853028086879e-01
6.119613799765988293e-01
-3.022506212285072102e-01
