2.869923619175070773e+00
-7.727395191453543255e-01
-5.009853583343146788e-01
6.308099582444381959e-01
1.819790555195741621e-01
-8.301024941244741218e-01
-5.757568207193839438e-01
3.151631515067552236e-01
-6.418039750019872702e-01
7.936127476514014401e-01
-5.009064121265174307e-01
7.862236027695417295e-01
-4.704005728588522839e-01
9.891948978708888784e-01
-7.977248363331250758e-01
3.801997898355105043e-01
9.315818569682989825e-01
4.459398851952114384e-01
-6.167927241155934937e-01
-9.946868270605135898e-02
1.976290216354452678e-01
3.284360344584036362e-01
-8.708533499277708589e-01
-1.161867087653989383e-01
-4.060556814499931555e-01
-7.517645976044362577e-02
-5.563712572955050728e-01
6.441664201647285815e-01
-6.511162638684098170e-02
4.487353379688263644e-01
-6.528502756389877870e-01
-4.060473265539443766e-02
5.993797680924983773e-01
-8.087374617409224253e-01
-9.231210754174010713e-01
9.762294667696715944e-01
5.311787835281789327e-01
-6.551982011093815395e-01
5.357073365129942921e-01
-8.061108140607373684e-01
7.282025288421327680e-01
8.146940187553657342e-01
-7.597258160217985612e-01
5.460738518302210576e-01
6.095211401393134665e-01
-8.944854822978864917e-02
5.913127863838443243e-01
-3.082557729718882200e-02
-9.170572257853579767e-01
3.501137678672245901e-01
-4.625038141034274464e-01
-6.529701881826011078e-01
9.609347231643530218e-01
-7.310578155263818267e-01
-6.626144765985730878e-02
-6.412853765692689834e-01
5.915664351219591666e-01
-2.073933369450304820e-01
1.555218588226727761e-01
-8.080581634621126774e-01
-3.330167422702854374e-01
-5.013499844023483476e-01
9.424619124093935874e-02
1.120727317745970897e-01
4.470652858310526501e-01
2.313722371365740660e-01
-1.540532279646722458e-01
9.483180812235643131e-01
2.074777449554339182e-01
-7.284953080982312645e-01
-2.246388301950141830e-02
-7.275741094200387504e-01
-2.723613624692915458e-01
-4.780925510447555649e-01
5.862358642516558582e-01
-3.336018010431776037e-01
-3.053699910187197553e-01
-8.311886131584991233e-01
-7.135650558558763734e-01
5.527635835631730110e-01
6.918751297232113018e-01
-1.978084286190691099e-01
-4.191198258475425931e-02
7.877516040905143679e-01
-7.101580756526670868e-01
-2.007600115655123751e-01
-1.021905420288742317e-01
-5.833695107106002808e-01
5.521080427898221732e-01
-2.618512895089386561e-01
-4.669688913456631063e-01
-2.866341206578006950e-01
2.113894091168744271e-01
-9.360402916023375930e-01
-8.540126418618392279e-01
5.675469707162075217e-01
-5.696216380947383140e-01
8.349074376649077145e-01
5.354336440630782512e-01
-4.880779219700728255e-01
-4.108314970739828098e-01
2.754489535957744817e-01
-3.256054170700444228e-01
-2.160337559232134996e-01
6.132045988136261006e-01
3.746015590927851413e-01
-1.898855993655468311e-03
-8.015718210613538286e-01
-7.828026234329070743e-01
4.059805064093007232e-01
7.032111941205525518e-01
6.394433869603808329e-01
9.809445281065147793e-01
-8.653725547087802727e-01
9.390091066784433949e-01
-3.334612805039389727e-01
-3.490741164791495432e-01
-5.514560408086086607e-01
-1.454659101332091975e-01
1.806589029414245040e-01
1.108799968213967091e-01
-7.368324135150561283e-01
6.083224642797486759e-01
-3.972768926231351472e-01
-1.744694604166587837e-01
4.013088282145487184e-01
4.439444165762684857e-01
2.018218842446504180e-01
3.941475664823350655e-01
-1.120606141515425591e-01
6.110019752777495761e-01
4.273085135467413753e-01
8.545873974125379746e-01
-8.787983806817039056e-01
-6.780857233033610321e-01
-1.724329932665233933e-01
-4.692350881040259214e-01
1.918291078437810437e-01
-4.504473395725505647e-01
7.409209994084073880e-01
-6.796998516356373976e-01
9.662097457426490621e-01
-8.100383867687539485e-01
2.618893960011572375e-01
5.061382615173213306e-01
4.112632595455778528e-01
-4.032721320872674209e-01
1.192903068333219796e-01
4.513132637921255519e-01
1.739918055775695471e-01
-8.846512099287149322e-01
-8.954409258279394379e-03
2.598062441501913788e-01
-2.621062617511513704e-01
-6.874209418926553461e-01
-7.632784859685137757e-01
-1.932066393531581827e-01
-1.162676964347011399e-01
-7.300939995562341078e-01
-4.391594094991999597e-01
-8.390567802393438246e-01
6.492666316654016612e-02
-1.840761043049803369e-01
9.423867516122896859e-03
-4.963738583588952480e-01
-8.968631556635771052e-01
3.815523690852087313e-01
5.482811611471340996e-01
3.979156135893744395e-01
8.006313416773418457e-01
-2.136665814484617343e-02
1.620571494283828962e-01
-2.609785418143366620e-01
-6.829503437789012921e-01
-4.678380949062601601e-01
-9.751007597852905384e-01
6.610917251713277487e-02
4.075477891171104261e-01
-4.491570881051683006e-01
-3.075065426108785083e-01
-4.236710141099129245e-01
1.725899752217863181e-02
3.153523827099511401e-01
2.880010178888503525e-02
9.661920449618039974e-01
8.059803141796220149e-01
-6.940627484426911131e-01
-8.686336711154996060e-01
3.791266417336671690e-01
7.219356639186624847e-01
3.141034958933353050e-01
-6.509774629671949420e-02
-5.818486454663456264e-01
1.066832002530273549e-01
4.792777943841879384e-01
4.955533109424159477e-01
-9.867257635244759406e-01
-5.919401054796695760e-01
6.992252480507978873e-01
6.043988395011314907e-01
5.989919516229624818e-01
7.176134020575377637e-01
3.887267384206287701e-01
-3.760119939880159912e-01
-7.566548521987122022e-01
-4.820503723299240928e-01
-8.718478867299570556e-01
-4.712826899168764960e-01
4.872113941545126448e-01
-7.616212520040521738e-01
-7.831885931833073577e-01
-3.261608097415538143e-01
-8.341365468895336477e-01
-2.260839952375217621e-01
-2.394235917746581066e-01
5.902802679488918791e-01
-8.221116096733764866e-01
7.893603179051456031e-01
-2.756238592815465349e-01
1.741402771376425740e-01
-6.449272446782388091e-01
-4.288255159905098868e-01
5.572434043487208832e-01
1.301788137208457208e-01
5.443910799801225942e-01
-7.914521230165736387e-01
-8.986407572990211534e-01
7.764957954678624041e-01
1.631974879508333309e-01
-3.685674521294248773e-01
-7.777402196777414289e-01
-3.325071353321495948e-01
7.990321424059099176e-01
-1.198072138736732128e-01
-4.198592338894515663e-01
-8.929211580227867096e-01
1.526816922777869401e-01
9.008619841740792555e-01
4.534919135139903190e-02
6.621784476914238660e-02
1.464361186162039807e-01
3.980674920868980671e-01
-4.661903007118579634e-01
6.886108202211784768e-01
8.078316992249783279e-01
1.651883422767774778e-01
-8.253576181906447928e-01
7.853215655592595823e-01
8.394127039371295229e-01
1.498019185979937440e-01
-1.900493216881948833e-02
1.604324895782325289e-01
9.649166527663357584e-01
-4.532562749348478803e-01
-6.042781072266607545e-01
9.870770081752269220e-01
1.639717866536338775e-02
-7.176867738131038621e-01
9.288452727355591687e-01
7.208837811048320887e-01
-5.738609854299194790e-01
-9.591241447803515729e-01
-3.246893179863681311e-01
1.860046998573863242e-01
-5.085978387971012982e-01
