1.000000000000000056e-01
-3.051961304515269369e-01
6.343680939776676908e-01
-9.591915156326233927e-01
-5.903071899372183129e-01
-3.747895047257416845e-01
1.116626461364216283e-01
1.878336283342749713e-01
2.215899426881851042e-01
9.714095038992076603e-02
-1.757453695577879671e-01
-2.920097331943773966e-01
8.257517658673212413e-01
9.335796077715949881e-01
8.224350516334708594e-01
1.602684075410176767e-01
2.037421378305834807e-01
5.130197771447502220e-01
6.729129736678978180e-01
7.445047934412560853e-01
-5.167520547785184881e-01
-1.939109877278126781e-01
3.374866537409371148e-03
-2.165145853771759388e-01
8.458970591511927317e-02
3.528265793984455279e-01
-9.222379719920248409e-01
9.701669988575523096e-01
-4.536223116650479614e-01
-2.073488805557857084e-01
-5.536103488768193692e-01
1.386809357315657021e-01
-1.450762686761533082e-01
9.033448449412797565e-01
-3.386487409875769128e-01
-3.072354106464070256e-01
-9.154112638848821426e-02
-8.597145140960638088e-01
-6.367358207517004320e-01
8.710715071040997515e-01
2.789363476927038121e-01
2.670759269858424823e-02
-7.866504761542529867e-01
-8.532569809458439014e-01
8.695397344900643866e-01
3.739853686054046555e-01
6.108738508494413466e-01
-7.981031526185149438e-01
-5.894709365227490672e-02
-3.354533757087794221e-01
-1.839828517821606724e-01
3.657317770459171946e-01
-8.892634774704233358e-02
3.683262862684340000e-01
3.018913535632616885e-02
6.989614677372859575e-01
-1.854977702394093875e-01
5.430241574619991685e-01
-2.828595940313198831e-01
3.882994414911167258e-01
6.927915023828821184e-01
4.313987346500605113e-01
2.920173665804692842e-01
8.646913927220523099e-01
-5.626007967132233833e-01
-6.640209692236633821e-01
-7.038652290006934820e-01
-5.222644570936822994e-01
5.097070871438820205e-01
-4.020397866763585348e-01
-4.681498905588723503e-01
-4.072461176196766619e-01
4.446415519331357036e-01
8.822696587932064016e-01
-1.903385559634651614e-03
1.604849982407008380e-01
5.032356325456044388e-02
8.146719373145960841e-01
7.264695852018336897e-01
-4.821409952742030658e-01
-9.869005297614030781e-02
1.318821327781862784e-01
-1.677430466938347742e-01
2.396957137704702756e-01
-8.501976834853584020e-01
-9.125590347488110599e-01
2.319199428170344301e-01
7.736110716720030478e-01
7.680359061648247554e-01
-1.015187022785599691e-01
-4.867813574014501210e-01
7.612439791538254674e-01
-7.135099703290077588e-01
-4.715538844708291322e-01
6.584825422454947397e-01
-6.443292517190899460e-01
5.705091054576296727e-01
4.697051836380545797e-01
-7.575074293946761905e-01
-2.678300812016698451e-01
8.915216426270926586e-01
8.376479668336593853e-01
-7.666939066145994630e-02
1.485185558196031597e-01
-2.513647310215201269e-01
-4.749700681866257934e-01
2.113684460595277592e-01
7.927406691701222030e-02
9.184640765267535478e-01
-2.172889950870260378e-01
6.977845669595761358e-02
1.363881392859909170e-01
-4.288103337158397643e-01
2.218965039831988229e-01
4.361816427705498267e-01
6.786248435966752979e-01
-9.399096401429396508e-02
-9.892059948027702720e-01
-9.573452983821884033e-02
-6.445392097937632236e-01
2.663449480460404750e-01
-9.823713023019748913e-01
4.428973744613506902e-02
5.691713020660855715e-01
9.547734163242780348e-01
6.476649874879485402e-01
-6.338723842261724251e-01
6.257276835917022773e-01
-6.707737984410233611e-01
-1.863590705823003901e-01
9.005430445765449932e-02
-1.535589804365851130e-01
-9.909761306129571956e-02
-2.175806921673779648e-01
9.853962586779561050e-01
-8.212389306410061707e-02
-1.816955364450123511e-01
-5.284072427185815268e-01
-6.651529661053738884e-01
6.991882218247720271e-01
-1.401602840662299343e-01
-6.234846054649167968e-01
-7.352201163427982689e-01
8.535229532383188378e-01
1.602681146328159834e-01
2.136567221770344638e-01
6.280441929334157347e-01
3.028284405882895047e-01
6.949910834415571337e-01
-5.856324800319534507e-01
-1.172056370053640162e-01
-7.008683607423300543e-01
-8.632911307592188166e-01
-7.926993528261585542e-01
7.236424322967252021e-01
-4.335427913714271497e-01
-4.537907151591635824e-01
-2.924162685003326434e-01
1.549223044103755775e-01
1.613493081598249557e-01
-9.810470305337546382e-01
7.824432442283379974e-01
-4.408254873656456407e-01
6.309899366203985949e-01
-9.467547246126482019e-01
4.426260918749580497e-01
2.743473702214895837e-01
-4.370573743551420254e-01
6.146844776162538881e-01
-5.569275241489866080e-01
2.188032648638731370e-01
6.775842680011745500e-01
1.927142160736505794e-02
3.930243082912563413e-01
-4.685456626967545724e-01
6.563536844329016517e-01
2.221218614748656783e-01
-5.544230009608646093e-01
6.126273058753974876e-01
1.189989455349935721e-01
4.303961472847641634e-01
-5.328973708401640863e-02
1.816789877467088754e-01
-3.806177244147879168e-01
3.995175954091667592e-01
5.797613484288097752e-01
8.916936883316086693e-01
9.571620816017718525e-01
-8.435214518926861249e-01
3.278109196663918645e-01
3.354403706506083882e-01
-2.699396564108964558e-01
-7.951715477099616791e-01
8.011025000656937234e-01
-4.527796279343494490e-01
-1.538682308481047478e-01
3.940038706158999204e-03
-2.365581951941717609e-01
6.216326299351375706e-01
6.393820805917223016e-01
4.264773369539300862e-01
-1.107977713912977613e-02
-7.012410857326121238e-01
4.075614814382846340e-01
-6.366694229262861437e-01
-9.440974681062348495e-01
-2.077906735912691261e-01
-2.150273020306467942e-01
-6.263695445431727293e-01
3.029725110983905179e-01
-6.446968403101112077e-01
7.719632292039202426e-03
7.262843253574444713e-01
9.873894945845844706e-01
-2.123009401185105283e-01
-3.166748649946224958e-01
-2.255910817518331779e-01
6.071727476012958036e-01
4.905519925305541484e-01
2.952585227425283954e-01
-9.771027225334025790e-01
-6.590673842316021602e-01
-5.906585105918267242e-01
-3.558265641156153070e-01
-7.906055720199605119e-01
-9.394437090446072780e-01
-4.277346058929976103e-01
5.525686671011504902e-01
9.762183524161343051e-01
6.089342994246460528e-01
-4.560492152251636178e-01
-8.089345508338425805e-01
8.497711826249974010e-01
-2.826826400928517113e-01
5.307741794256317647e-01
8.851935858046708905e-01
1.219201791398292212e-01
3.534200753169685072e-01
-4.108785613548571192e-02
-2.274080787864711795e-01
6.900697263875072984e-01
-3.827134088878225704e-01
2.308631332403177083e-01
6.236500418303325688e-02
5.099705518680326399e-01
-4.203604164633050200e-01
-6.277456205927594013e-01
7.185834290639105948e-01
4.921159061060222939e-01
8.242889653110152537e-01
-6.743553429724689074e-01
-9.021679358840783980e-01
8.791114807607176562e-01
-6.572342652386773398e-01
-8.947283558294854000e-01
-5.097106594883544783e-01
8.218593259882571722e-01
1.820050972482352147e-01
2.825819541461898066e-01
-2.196959083150780145e-01
2.949512260655944296e-01
4.007777506058889383e-01
-3.011329763663701531e-01
-6.222778982879648701e-01
2.642967961056570392e-01
