1.000000000000000056e-01
4.884664185979972206e-01
-5.542753040871766235e-01
-5.823609306737018709e-01
1.242630421878405667e-01
-5.103396389312773174e-01
-3.162400469279686988e-01
-4.598760690551118024e-01
-3.365305423988165234e-01
1.458230450043305204e-01
4.236702743852509556e-01
4.938110998251574735e-01
-5.395506653506565442e-02
3.588162531223078044e-01
9.823487653106275364e-01
3.099601815849695186e-01
6.751882428384508028e-01
-8.575524743681366413e-01
-4.894647609492610574e-01
-3.011242572685968177e-01
2.084137126940710516e-01
4.719352715198632531e-02
3.017391631922583528e-01
-4.313877032916513254e-01
-5.297879368345737028e-01
-6.457330699529286733e-01
-8.892849382520635615e-01
1.688979261577558955e-01
-3.111266072277067973e-01
-4.303573516367524832e-01
-7.222581655083162300e-01
2.155569411407132208e-02
-2.604435401750015977e-01
6.615028822121520324e-01
1.442565299414590996e-01
8.950258514398572451e-01
2.937376414960382043e-01
9.769529862863537417e-01
-2.561489436326902513e-01
-4.701551869059608091e-01
-3.380291106763566589e-02
3.023380269909321516e-01
-4.933176593167851731e-01
-1.483422825867823924e-01
-9.350484332864170689e-01
1.262362662558331738e-01
7.712066587113586280e-02
4.039425049273175361e-01
-7.288827317339239276e-01
2.245372663545086578e-01
4.486451939095776886e-01
2.945192922949340097e-01
2.327491866663327080e-01
4.235956649615426617e-01
9.887489128407933592e-02
5.240437402173416803e-01
1.667280694382551332e-01
-5.615192484571742693e-01
-3.218162371927244525e-01
-8.558719058352128872e-01
-2.744918369897770827e-01
-4.711497823007195773e-01
2.801758081146961121e-01
-4.920139717085763031e-01
9.695265281281941760e-01
-6.885175560644225534e-01
3.587417835634130192e-01
-7.880620683962999973e-01
3.422572130373890964e-02
3.434052449274391794e-01
-9.067889956650483363e-01
-3.235826064710611849e-01
9.968930919692389203e-01
-2.771554815440100406e-01
-3.151536006740363050e-01
-2.688795039610292203e-01
4.815400679259913552e-01
-7.787714583759199893e-01
-7.828879042902441299e-01
-2.550896043237909083e-01
-8.254806747159604274e-01
-4.859044357766657551e-01
6.451914263683879991e-01
-7.809077829425101758e-01
-3.336492493387839264e-01
9.233764349556097262e-01
2.818471993348956595e-01
-9.362313832505426703e-01
-9.428303134583413403e-01
9.813659994184067425e-01
7.608153586360713039e-01
-1.271118449728800837e-01
-8.552446039934753497e-01
2.607557675396354746e-02
2.157439592067071921e-01
-9.223451062269452105e-01
1.653558396346919146e-01
6.802982049525103658e-01
4.845613698204953579e-02
-9.638138356163206133e-01
-8.578784873823472878e-01
-4.219175253492186695e-01
-3.565157850229327963e-02
-9.752018199439402846e-01
8.346518342855824280e-01
6.139019685023738848e-01
-9.123883517566389045e-01
-9.372403395305834994e-01
-9.809703755536967051e-01
-1.228362097018311783e-01
-8.698061938651742153e-01
-5.158044435333291045e-01
-5.416392880528446696e-01
7.087609949478281823e-01
6.468864076381288797e-01
-9.493589825753130373e-01
8.306124171427875513e-01
-7.486585082173036199e-01
-7.425880229909895824e-01
-5.924291765683677990e-01
-1.534033102830001383e-02
3.765421721506911901e-02
8.213293112801278717e-01
-9.716044532672336587e-01
-3.270520254112385672e-01
-3.298729261092097076e-01
4.858407069143018120e-01
-7.698251227273231745e-01
1.422858371992203885e-01
6.482925057896236076e-01
-3.810468213734157228e-01
-7.674108756872648485e-01
-7.264660243940734841e-01
2.392906358107171894e-01
-1.494916615152330763e-04
8.087524186547625504e-01
2.580808739076481118e-01
-6.205568125142071345e-01
6.401466015418675326e-01
5.737249191324067521e-01
-6.198121367055051678e-01
-3.061300728940266058e-01
9.022795262340370659e-01
-5.076540318136562036e-01
1.972165808874521975e-01
5.015674875214164441e-01
1.065441101123065781e-01
-8.709017800126346298e-01
9.919969901001337576e-01
-3.413808615370848010e-01
2.181976286923055230e-01
-9.184812025429736071e-01
8.346273161331769774e-01
-8.772519487356855716e-01
4.909421114905960781e-01
-2.691987533181205983e-01
3.392718386730955160e-01
-3.426825744110133520e-01
6.000420615596067098e-01
9.699025437325037302e-02
3.285362932047066753e-01
8.139186190505740548e-01
-4.398013729237468805e-01
1.174332488802525276e-01
4.890432232636781062e-01
2.754966302915320409e-01
-9.148131778714001516e-01
-3.901412063191929125e-01
2.466167698671559716e-01
-4.586173897577410230e-01
5.094084680779986662e-02
1.985750630104707870e-01
6.641693392649101746e-01
8.274865230237966607e-01
5.163075550420277438e-01
4.490130780182131076e-01
9.880591594674159595e-01
2.348748028169014290e-01
-1.679891840219067678e-01
-5.804619373352761791e-01
1.677078548103536626e-01
-3.782222098869232330e-01
-2.515231770571837444e-01
-1.769279735451694258e-01
-2.604067180993896446e-01
-4.085721442184431229e-01
-1.345243877999680038e-02
4.752489730376436849e-01
4.858176761028976109e-01
-9.930170532066635580e-01
-6.704272276620937276e-02
1.917571106511726242e-01
-9.531758398130312226e-01
-5.445313832196967407e-01
1.195970706568179054e-01
-2.329410748374847184e-01
-7.942334830316564176e-01
8.564036744006742197e-02
-4.512730834873577290e-01
4.515998363344042588e-02
-1.739661008944382026e-01
-9.833161755234891555e-01
-5.800102212349855790e-01
1.675385926913837142e-01
1.004926388779074919e-01
3.901552156033070151e-01
5.961503984542426693e-02
6.979585505672212253e-01
-1.950105382352749217e-01
4.217038042882603754e-02
-8.244389373595615300e-01
-3.771702600814119677e-01
-3.251444205632569862e-02
-4.066943071451623037e-01
-3.149674407233324924e-01
8.122601849140769215e-01
3.570333641306322470e-01
-2.836919119386716037e-01
9.037249657415951098e-01
-8.456143088835808008e-01
1.308180501360087788e-01
7.310947807469532211e-01
8.117845892001842589e-01
4.452859703933849111e-01
4.274461563793654495e-01
-2.341780217465405656e-01
-3.159060262499080451e-01
9.070586849478745606e-02
6.637280818354340806e-01
-9.358449000601716250e-01
-5.219379190833086657e-01
-3.355184259402761437e-01
4.406287913226569763e-01
6.269697953789341582e-01
5.783847374231914085e-01
2.727481491217242926e-01
-7.189775456979881074e-01
1.089924927904393215e-01
6.068656413944191197e-01
3.301984709051226652e-01
7.973670506393304436e-01
5.407550317767662040e-01
3.539056800448188156e-01
8.954342144094613598e-01
3.734779164636239379e-01
-1.993135698799257671e-01
-8.393831100925017719e-01
-2.789638666411515810e-01
1.318735229283227728e-01
4.074975027838876329e-01
-5.807504929782680847e-01
-9.844057396891239264e-01
5.327064872175979460e-01
-5.106304984021163840e-01
-3.749897343561148233e-02
-1.429936103932993863e-01
3.637184336868917178e-01
-6.810522779317913500e-01
1.075505966187968454e-01
-4.928213932266778396e-01
6.209836956995151702e-02
-3.097143925387142449e-01
-3.698722098902249567e-01
-2.963701124576541002e-01
-2.896914325012611702e-01
