1.045360721006049154e+00
-3.014034294822653948e-01
1.984509370311180465e-01
-1.004337523620058015e-01
-9.640185389332174282e-01
-3.976759865918140235e-01
6.633162387145976613e-01
6.564042059949706243e-01
8.177514738714708464e-01
6.942387011613100345e-01
1.215323679560535997e-01
-2.185859922837454228e-01
9.697044957591356429e-01
9.138662789309759393e-01
-6.930330379713032229e-01
-7.086006031247893411e-01
5.005644949557899182e-01
2.223999374185583466e-01
8.192944683202736389e-01
-3.126671150091400175e-01
-5.492566098518092410e-02
2.351296796404542810e-01
-8.065219594769381661e-01
-4.362393305093008600e-01
9.456641924894833018e-01
4.630905102062834455e-01
6.417018850435429744e-01
8.501408981156981515e-01
4.887944826999754966e-01
9.923786400549148290e-01
-1.800530585944528639e-01
1.221324505289249629e-01
-7.630123024030344148e-02
-5.517542388575047418e-02
-7.368552856645638194e-02
7.039607666907892192e-01
-8.102329851061504939e-01
-7.532155161970344182e-02
-1.939261928407098878e-03
-2.352060122374917128e-01
-5.938103501067559797e-01
5.674235062045676070e-01
9.234902142942424952e-01
3.613292954246061228e-03
-5.538186349511424744e-01
-5.440292946359324144e-01
-6.697711945732625072e-01
7.208286798509604409e-01
-3.627371554320433233e-01
-3.108729590514240915e-01
1.999196681808970144e-01
6.798237191152236569e-01
-4.205186406315775116e-01
9.425663278901865727e-01
-5.770183858177013736e-01
-4.412861248333985742e-01
3.870731576336199353e-01
-3.830381642927982444e-01
-9.028841410775012566e-01
3.233871667391481353e-01
-5.873787748691612354e-01
2.664629476117574836e-01
5.442144427271302654e-01
4.150378948278941049e-01
-1.380062779075759138e-01
1.442124986011192878e-01
-6.554154567695540390e-01
1.179442024999202143e-01
-8.876289430291082194e-01
-6.046972885430987876e-01
-5.205982293265716265e-01
4.249764924887895479e-01
-5.092776632187721031e-01
-3.571772860514597081e-01
9.126102113025489349e-01
-1.750263648324512644e-01
-2.192740047840788797e-01
-6.103652025880321741e-01
-7.109770095977989701e-01
-4.648009843719052014e-01
7.554215102795647230e-01
3.894218590238134325e-01
-5.073287572893310227e-01
1.570023408622869265e-01
-8.054862757433056686e-03
9.787462675109148691e-02
-8.481539038240435424e-01
3.145705100075346650e-01
5.275894520478494609e-01
-2.781473501660329806e-01
-4.513578962611259904e-01
8.157325520541136576e-02
-7.943116757643642334e-01
4.090724575380764172e-01
6.231582138491587042e-01
6.699574651626463151e-01
1.443870986920794408e-01
1.511321625985719841e-01
-1.599735365919725538e-01
4.160815448899928271e-01
4.183586206277525310e-01
-3.006188624622461170e-01
9.230789182077079325e-01
9.349009957296918749e-01
8.008057071310754615e-01
-8.663295135059982943e-01
5.623094425841588251e-01
-7.213166278376130780e-01
6.337763945466401427e-01
4.850455124622332637e-01
5.944626740728240488e-01
-3.804118497763810947e-01
-2.918707838550809175e-01
-9.976653922882561254e-01
8.382411569366405857e-01
9.473771183666610529e-01
-9.593078033470814336e-01
5.027767076981051186e-01
-8.452764249018709375e-01
-8.634567788828444446e-01
-6.082252429076770994e-01
2.600289704094069787e-01
-4.238645869512971398e-01
9.158064463659165710e-02
6.898241224661143534e-01
-4.074128711337900999e-01
-9.263854240868421019e-01
-1.134147246967422973e-01
8.368683018816538421e-01
3.779974795253091546e-01
-2.738396421104345446e-01
3.759295520516618971e-01
-4.735374522883881721e-01
-2.102211537698606136e-01
-1.268006318582499681e-01
-9.975738876066289063e-01
9.718785182177427373e-01
-4.415765609250792423e-01
-4.969185144167773682e-01
8.975219756059169551e-01
-3.154761748832446422e-02
-4.154561573617814307e-01
2.226942677233378909e-02
6.757988131744898652e-01
6.829802242833160619e-02
-7.673941261246401968e-01
7.671509276687671353e-01
-2.766744224255330842e-01
3.202402672622715052e-01
1.407687652626024022e-01
-9.061253286604074031e-01
7.778580440225790760e-01
8.613362635064871764e-01
-7.438117773148029688e-01
-8.180553196664872573e-01
1.582101519368095399e-01
-4.248920090496464130e-01
-9.135929862382115019e-01
3.369658812163442985e-01
9.387580924205574107e-01
-5.606333359616475498e-01
-2.852186516545951456e-02
7.776565968020618946e-01
3.860705011350884508e-01
-2.115869548421636104e-01
-5.625566058758741939e-01
-1.025878044549888291e-01
-8.128659795875807781e-01
3.416347308545897299e-02
-2.278943590739257452e-01
-4.222334644774272672e-01
2.471699331657832843e-01
3.230807868491789581e-01
-6.928059337622876068e-01
-6.247154816528337484e-01
-2.984749769384809071e-02
-3.047092160608324551e-01
7.120838659044033125e-01
9.759440268848023070e-01
1.738891556989721199e-01
5.185835508838303465e-01
8.598709799216033289e-01
6.564077125589626860e-01
-9.266788608959093398e-01
-1.581103382474324803e-02
7.276645878249861088e-01
9.651569845966381234e-01
-6.570542119674696036e-01
4.023988189862253151e-01
-8.404020935701006501e-01
-4.168877056448296869e-01
6.084478333040637121e-01
-9.174858935189793563e-01
3.562356896881930801e-01
2.647080011314273396e-01
-7.216275991353562347e-01
1.944737854803026966e-01
7.789506334853983915e-01
2.435528670716611277e-01
4.826364099082800507e-01
8.695750947981999435e-01
5.900674379500570055e-01
1.892889202612582089e-01
-5.465714397017849002e-01
-2.630110837849701788e-01
2.177670221446481591e-01
-7.834237496792919586e-01
-8.530988608604774814e-01
-9.359682213674647144e-02
8.341724254058926480e-01
-2.447080292527217260e-01
3.788865237053249402e-01
7.753634165556371194e-01
8.250204099851004003e-01
2.474610635058858144e-01
6.482787023811904525e-01
-5.895673171725392958e-01
-8.763237822653662246e-01
2.612056267486670968e-01
7.592897605559740803e-01
-8.402838717504315103e-01
9.850131876078482840e-02
4.643272198861356781e-01
9.037833304290034953e-01
4.187668256358372254e-01
5.047024032426523643e-01
4.848810623400099384e-01
6.806074018497065836e-02
5.901455960600612283e-01
-9.602766545372756202e-01
-2.020360673943133456e-01
-1.808314306283425044e-01
8.564174904805703648e-01
-2.460802376724726681e-01
6.611301929447688241e-01
-4.502046269183905824e-01
-7.117629988553637599e-01
7.063813718927671736e-01
7.917185993688002910e-02
-2.430039012586124869e-01
-7.706579204780807935e-01
-3.246075360841105262e-01
1.125659657659729973e-01
-6.446524756019045288e-01
6.914646350569448874e-01
9.343310443829393463e-01
-9.773322810106499503e-02
-6.819621002818296862e-01
7.237813459063153765e-01
2.822359876498428122e-01
-5.525057435033260411e-01
-9.825740122372226271e-01
2.118600972939432836e-02
7.456790393848811149e-02
9.643962652523130341e-01
1.869149569402062117e-01
-2.729989229421048158e-01
9.456778924053466096e-01
6.252232475466894535e-01
3.776714286354778682e-01
-3.077935932926143536e-01
3.383319556953481300e-01
-6.250343756356560032e-01
4.645236689141187814e-01
5.328888248240997161e-01
