1.129541053364533365e+00
4.660397266662976712e-01
4.722003349315777587e-01
6.592560829448155246e-01
-3.480254793295758375e-01
1.372190923789371464e-01
-3.643144736408527873e-01
-3.751796630994133075e-01
-1.076582720071899146e-01
1.291472232067527592e-01
4.653899142138873124e-02
9.287872353071311426e-01
1.890964881443379930e-02
9.736068703015636761e-01
-9.174625085044623152e-01
-1.363131553249279371e-01
1.804533372133112490e-01
2.170081315221665808e-01
8.417552190968373704e-01
8.372966647653012906e-02
-4.109393552869398114e-01
3.504803967464089620e-01
6.079144299537071472e-01
8.678835856955677830e-01
-2.156388563375104539e-01
3.804289597520036370e-01
4.345539673590324004e-01
8.595003056398622387e-01
2.864877837474604227e-01
8.525720869280550840e-01
-5.333739680558353680e-01
5.217926715678915528e-01
6.110470988847274132e-01
-4.401881626940555847e-01
7.833271405712183277e-01
3.371204599933979029e-01
4.880076826895962672e-01
-4.907138108101867235e-01
-1.184663910655532337e-01
-9.597568439444772448e-01
8.697159275550954138e-01
-6.854952435898384877e-01
-7.441127957606441523e-01
5.546164226815819553e-02
2.248676010305741269e-01
-4.068004868792425288e-01
-4.643956724409759040e-01
-4.014223590403789288e-01
2.312841116274078068e-01
4.783244073745971381e-01
-9.067496417103677597e-01
-9.478815674671072777e-01
-2.622335915247477889e-01
-4.291534304966904134e-01
-4.551309631988309512e-01
-9.758129328255675805e-01
-9.229748144944585064e-01
-4.412889760051679211e-01
6.419173039025913852e-01
7.456430780762390853e-02
-1.938348822138427074e-01
9.213826473200659173e-01
-1.138577659270119113e-01
3.049414113913497815e-01
5.979828220206810929e-01
3.664161600851751910e-01
1.967202198218820364e-02
-5.928794518002544756e-02
8.508622746431186989e-01
1.317065858282528978e-01
-5.977788413272633328e-02
-9.293318211614345348e-01
9.114424195583437083e-02
8.291072252301903145e-01
-4.401319131294223475e-01
-2.162873662338153924e-01
6.104241617528396446e-01
8.444839969777713229e-01
-9.203580603510295166e-01
1.544779161826534963e-01
1.990857270722965477e-01
3.443081343466347644e-01
9.687430268079995077e-01
-5.326304569487798624e-01
-2.507681522312215083e-01
-1.498913970034876364e-01
-5.957332291532857482e-01
4.649089033875222210e-01
-3.499675570119324952e-01
1.835005068238235726e-01
-3.198863914944352072e-01
-2.400090911098788915e-01
-3.333452994480403664e-01
-6.206716370631708557e-01
-6.097131342885273586e-01
5.942047220576358590e-01
-3.904381152647327102e-01
5.304528067795857282e-01
4.302463870171431282e-01
-4.209948178660738449e-01
1.566307268926481200e-03
-1.270328732077050660e-01
-2.990304376743535553e-01
2.150659711155165077e-01
-6.238145745524634744e-01
1.175902453056396624e-01
-4.472763838031290629e-01
-5.073953088343619022e-01
-8.018965315424328999e-01
6.455044381618786353e-01
8.055629546167917265e-01
4.250365403875178139e-01
-4.047132413161218523e-01
7.048258126402742185e-01
-9.863358180741210735e-01
9.414664103155792052e-01
-4.251141021241287010e-01
6.545516062170300131e-01
-9.962453038095191449e-01
-6.441800855716262042e-02
5.778961290690098895e-01
1.397872884542121774e-01
2.864396421478037080e-01
8.120466232653047456e-01
2.586296170987156806e-02
-3.220005414177333769e-01
-5.820997236400626829e-01
3.228088105632294091e-01
-6.005945243799952760e-01
4.215958766868366236e-01
6.361529430964796283e-02
6.386613555844806722e-01
-3.545180232203739568e-01
2.996520869526464459e-01
-1.130794445687861582e-01
2.142923218814174469e-02
-7.030680197615015725e-01
-5.939460010397610290e-01
-6.693516913218704456e-01
4.529543883185604969e-01
-7.617017351403758685e-01
1.399345505356697217e-03
3.225868125380095819e-01
2.487545668666018006e-01
-5.415956207483931806e-01
-2.035981536125586189e-02
-3.182336324292580620e-01
-5.665247009348381990e-01
-9.257312105845962869e-01
-5.133628378405772352e-01
-3.421355826127643329e-01
1.999273473873905971e-01
-9.918987729650592389e-01
-1.652821665393828798e-01
9.993237637644531990e-01
5.762032642180221487e-01
-9.776889902257954734e-01
-2.098253227212176775e-01
5.005471457743104757e-02
5.360497722989463476e-01
-8.852355748329323593e-01
3.913011358460092293e-01
-7.402843126840596977e-01
1.184726233941666429e-01
-4.571100252716249202e-01
-3.270764138791675268e-01
-6.785776973437813719e-01
4.185570710355188684e-01
-2.086822405025923199e-01
6.946920083085121878e-01
-9.773186922046857017e-01
8.383074085241237761e-01
6.513208626828930203e-01
8.242015096832837617e-01
-3.117166055397464497e-01
-4.573890086167269331e-01
-2.786940936717985373e-02
-4.301102998735604199e-01
-1.357277068385787100e-01
-2.793859191654042284e-01
-9.997995492461675404e-01
7.559729552540537245e-01
-1.102665126161703757e-01
-6.430274818383088231e-01
3.474292893989223696e-01
-6.622819936949528863e-01
-4.780021423037044137e-01
8.976122294201149820e-02
-6.233408269228963849e-01
6.612599323945911323e-02
3.559389910182813033e-01
-4.293121200341407651e-01
3.399958686239084038e-01
3.717033835662730823e-01
3.518777776260995083e-01
-5.244733036905075974e-01
4.520806414915714555e-01
-3.127476360703269620e-01
-6.427007950256888869e-01
5.599314418927572312e-01
-4.623373012846654362e-01
-5.451072397998557584e-02
8.624702731451854287e-01
2.441870962735901429e-01
5.559035684488757845e-01
3.498391497720143573e-01
-3.083879302092051855e-01
-8.908197215888278286e-01
5.168280951421275748e-01
-4.108587111629462552e-01
-8.052637885765820958e-01
-8.446864494908425947e-01
-5.978662660729372469e-01
5.653825339334184186e-01
-3.850939785224438694e-02
2.511277171260073438e-02
-2.531589023716340758e-01
-1.112237447203563434e-01
-9.858146790591932884e-01
9.348122193233643351e-02
-3.799898219660491350e-01
-4.675769294750131699e-02
7.210265278704841574e-01
5.728544981298926420e-01
3.250787694995660448e-01
-2.247376017984026308e-01
-5.601260746300122939e-01
1.284369712732265079e-01
-7.509237954956025085e-01
-8.009819203958010725e-01
-2.593270554327800070e-01
-3.244725343753533942e-01
9.203947447716129826e-01
1.703575532193313258e-02
-8.070622645872238543e-02
-6.786171662453850395e-01
-7.244825848282920866e-01
6.645189802254574118e-01
2.385209639113261559e-02
7.649243716905744783e-01
-8.360760775350650764e-01
9.350617638776235196e-01
8.579029468423764460e-01
1.118109269130731498e-01
5.903542719036427577e-01
4.737511592541030492e-01
-4.377705882630777978e-02
6.841225650411828507e-01
-3.152347078006760839e-01
6.731090331726163889e-02
2.552092470731401885e-01
-9.917447909532837169e-01
2.200429734979070240e-02
-3.552964767898791898e-02
-5.628580604683255384e-01
3.404610540941697128e-01
-7.249720140364481757e-01
-9.708501237527751293e-01
3.637062009787943584e-01
-5.215246744495147802e-01
-8.950306197525885743e-01
-8.728801028977490883e-01
2.365569947438801446e-01
7.386159581949425235e-01
1.290262192494071591e-01
