1.302620096847060926e+00
2.588469266373492061e-01
2.024183596011719377e-01
1.929488347283634386e-01
-5.138171601101204633e-01
1.263170129834456645e-02
-2.971261363796913191e-01
4.007325323878108136e-01
8.227522746602540238e-01
-4.181113424577922455e-01
-2.442470692185987335e-01
-8.877214775607131791e-01
1.645830662650111798e-01
6.200534096608927292e-01
-3.093947803357477433e-02
-6.861128677564345413e-01
4.350363930021550196e-02
6.833649644416666114e-01
-4.136981541045732236e-01
4.279720473018937543e-01
2.702877014878068973e-01
5.188203016445533944e-01
8.804620643374634348e-01
2.521434105556521477e-01
8.186810034886378151e-01
8.367265502561815893e-01
6.606427371144234506e-01
1.448143572532401002e-01
4.092541833045799660e-01
2.244688409417165964e-01
8.278725730787233061e-01
8.837293403045920481e-01
4.639073043444887912e-01
-1.016132816895536362e-01
-5.112448812687608868e-01
-2.327576566823297277e-01
-3.833609512209283920e-01
-3.292849891547922070e-01
8.570721247936918807e-02
-4.785574133593788471e-01
-5.419475600228325085e-01
6.329941253126463163e-01
5.462408569702155159e-01
-8.551938159193184230e-01
-3.002194360875045653e-01
8.971356948356934424e-01
7.684104163680132160e-01
1.068817196651945522e-01
-4.259401888992879748e-01
4.406776231115261400e-01
8.215502263069800470e-01
-1.522294140732709522e-01
-3.265231639031895838e-01
1.518845058276658833e-01
-2.185483111075625651e-01
-4.798630518254964894e-01
7.236165242187824198e-01
3.467453861008085170e-02
2.528915540071796642e-01
8.194865221315041914e-01
8.488441323956230633e-02
1.857378633023538672e-01
6.473416019928235343e-02
9.128049213859517064e-01
-7.880662736521026890e-01
-1.174678306720191578e-01
-2.485173927338160116e-01
-5.984948852826084131e-01
4.917252894113266493e-03
2.824307190299224501e-02
-9.960179768279784351e-01
9.462783780925234645e-01
1.413534680193073712e-01
-1.752478821304399581e-01
7.774136602210193203e-01
6.339250057470082744e-01
9.051870267673756132e-01
-8.549716009144823214e-01
-6.363847575076098106e-01
-4.446175515761350283e-01
3.846524928699859291e-01
-8.556022025840805956e-01
-7.110074127069532235e-01
3.853409439459771768e-01
-8.189003369054548287e-01
5.645144083295785542e-01
-4.904391696822607560e-01
3.359864005972523771e-01
-2.210567052495042706e-01
-9.561220424619849556e-01
9.239397908624187306e-01
-5.795161226465965765e-01
-2.636287020761887145e-01
6.796517590373385431e-01
-6.201891499789795592e-01
7.138150287293980600e-01
-1.046516444068843477e-01
-9.410982735022550560e-01
-1.737929166509393220e-01
-7.446231103060083623e-01
3.900456654663853051e-02
-2.558700904863364656e-02
-7.998985926710238115e-01
-1.825101655274297130e-02
6.386317361614535226e-01
7.978776016074466959e-01
-7.959024514028667507e-01
-5.024988346196139766e-01
1.861717594381406826e-01
3.683271814940560773e-01
-8.235360979449830587e-01
1.883638302620929128e-01
9.837112190232106812e-01
-3.777433869701196656e-03
6.126981728958615925e-01
-7.810581108841672116e-01
-8.994074203292623526e-01
-4.703844193075581437e-01
8.444493753663375735e-01
-5.434192413488521112e-01
7.916895255602764969e-01
-8.460398353365634616e-01
-6.086773831515968070e-02
4.850296953836763514e-01
9.883282482845512362e-01
-7.916423438605397767e-01
2.809551432916188585e-01
9.483069440356066693e-01
-5.447035000667610483e-01
-3.997099144140126015e-02
-5.365471779066122160e-01
7.864243088916338387e-01
-3.140140396071984252e-01
5.273321583706953586e-01
6.686684120295358635e-01
6.897944746606432531e-01
-4.775544708995582699e-01
-6.351244461001011032e-01
3.808030089492706605e-01
-6.726812754324638099e-01
-3.398067569015734701e-01
2.474598378164332146e-01
-1.789938795617846967e-01
-2.592317329687980898e-01
-9.404941279690735012e-01
-8.525386216545305373e-02
8.039813007453933125e-02
8.806760833324835946e-01
4.703960043531572044e-01
-4.084425232764854474e-01
4.648728386086076192e-01
5.692473062560856611e-01
-9.263846594843905269e-01
-3.142618388321660738e-02
2.076861454608414093e-02
8.911083127198580200e-01
9.158569720651559276e-01
-2.238584346963969907e-01
9.942212770796108323e-01
3.882123924589906405e-01
6.474988419151772590e-01
-6.069663545894077306e-01
7.814175963674929726e-02
4.537245845612860595e-01
5.591717026198887996e-01
8.852752373584191758e-01
-1.050408408133551852e-01
9.393268290274496835e-01
2.423133963373442779e-01
5.998927039693138230e-01
-5.530014369687978881e-01
3.383975537248473664e-02
-4.920750741354864566e-01
7.199617103997280054e-02
2.591389415361033954e-02
-6.469643920276817450e-01
-3.124997083796159369e-01
-1.255714686175875006e-01
8.413064643034151580e-01
-9.088536946904701708e-02
3.625179854990463468e-01
5.885106025076156655e-01
1.044233784168209223e-01
1.162258076707092247e-01
-1.836264428307210483e-01
-1.947639059615238200e-01
-9.438615999341457563e-01
-4.614397105649103992e-01
-5.085932083786872671e-01
5.710250606703293208e-01
4.000503594394875240e-01
-9.418294819650512295e-01
-6.184123426942589319e-02
8.677487549234030872e-01
-8.982798348637321961e-01
-7.808158984500126465e-01
-5.142317282851416316e-01
7.842796011484978180e-01
-1.757712305393421826e-01
-9.171974776021631914e-01
8.346332631826289816e-01
3.867401434819126571e-01
-8.561212542374714296e-01
6.784940111129558193e-01
-1.741316672648978159e-01
4.428697772808363187e-01
-1.835301236174224915e-01
-4.722845966048387911e-01
-9.268059989384014319e-01
8.899632986196781559e-02
-9.750998176689882335e-01
-5.551358229128500188e-01
-6.893276902838401110e-01
9.546500723814836942e-01
6.183317597146309463e-01
-6.908627117627885728e-01
-2.624535587915406420e-01
7.058411809116840185e-01
3.653706684413009498e-01
-6.187176992647525076e-02
-9.707483185690752858e-01
1.285052102367747473e-01
9.456044633276103895e-01
-9.821409584827556216e-01
-8.004990456612299798e-01
5.941604244772191734e-03
8.984798263898505777e-01
8.830411409150884516e-01
-6.321071108496667534e-03
-1.512913353733935651e-01
-6.658294773155448709e-02
1.579238123815271955e-01
-1.728712596934742773e-01
-1.524952725819535004e-01
3.893359225578474359e-01
-6.760020499356063084e-01
2.343983231560164970e-01
-7.549643277151265597e-01
5.345997430145466023e-01
-9.679826378935612041e-01
7.817313191521160221e-01
-2.048352188266577834e-02
5.256415503586966409e-01
7.695551552302397624e-01
7.735810494918695657e-01
-9.455221138638787437e-01
-7.482385727518952034e-01
2.007061252244379812e-01
-9.377642497697340485e-01
-1.432500589940941538e-01
5.648622363352713283e-01
8.338012377328523073e-01
8.299270424979565686e-01
-4.089910594034562585e-02
1.926135488589129086e-01
5.669777760606107275e-01
-6.209815164799543652e-01
8.018034110742333631e-01
5.340601947644869618e-01
-7.826288725563910198e-01
-5.951673052093042759e-01
7.498510110527258909e-01
3.802968764165282067e-02
4.082297803619514553e-01
2.272830439002708758e-01
