-5.190572789022216416e-01
-6.174050602732159554e-01
9.835111445552688902e-01
-2.577933771694258525e-01
-2.877630457027415822e-01
-2.302788069404400062e-01
-9.888877421361992326e-01
-2.514440697647553069e-01
-8.580461593266313081e-01
-3.909999309205565154e-01
-6.915553609786893041e-01
9.257332494351295793e-01
-8.803964876865253419e-01
-8.498814888016905655e-01
-6.084041469985690398e-01
-4.230135994644603770e-01
3.249023744539505376e-01
2.103924046358158773e-01
-5.619716128438778657e-01
-4.593813544560456652e-01
3.617033036823578129e-01
6.964807944024562492e-01
6.081403420914415214e-01
2.874679039655776425e-01
9.189889979647247742e-02
8.666904117099856197e-01
1.663519521794172285e-01
-5.177146431286450134e-01
-9.963238869636166228e-01
5.881267582053866239e-01
-8.340738842496087102e-03
-2.927493883266953922e-01
-7.415324081422194347e-01
9.377918656247936635e-01
3.260990065472109123e-01
7.771542487931313303e-01
-7.659652011388229376e-01
-2.982952038389115046e-01
7.888396016967447189e-02
-2.370119843174538499e-01
-5.026175767011746842e-01
-3.852630033172275148e-01
-4.326048156746398199e-01
1.494584711758835116e-01
9.323093628522591825e-01
-3.670999400181951255e-01
2.762580591866861113e-01
5.851069155406611877e-01
1.918263477892518942e-01
-4.364472230396798658e-02
6.511108019972300376e-01
8.792207192293168827e-01
9.479311372800591773e-01
-1.576054938139770378e-02
-4.421622961134110685e-01
2.849867399596959228e-01
-6.314556675162785737e-03
-8.454099433506678807e-02
-4.786291869894387929e-01
8.504191732988539698e-01
3.612749785384727907e-02
-5.475559352624406184e-01
-8.436663788316609569e-01
-6.214501848084652558e-01
-7.403531302544914539e-01
8.341420848918874587e-01
-8.771642705262920892e-01
7.156698266411443132e-01
-3.885168220728596467e-01
9.655406692048247308e-01
3.656657837876555739e-01
-3.654774306187524857e-02
-9.737939832777018356e-01
-4.741060739635811760e-01
9.516606903921496219e-01
-3.216988188138616422e-01
1.439820055423890466e-02
6.699434100218364385e-01
3.131489986376347900e-01
-8.278895055944368586e-02
1.369623555423813421e-01
-5.028830133141626302e-01
4.336514935438755547e-01
7.411249439855427390e-01
7.065353953510618013e-01
7.389152039664284022e-01
1.202849534854113500e-01
5.802859515502247767e-01
7.318457366934447705e-01
-8.337988329557874945e-01
9.361914363546031126e-01
-6.799917126459347205e-01
-5.105018445501858793e-01
4.995661312686088262e-01
7.353174496082115486e-01
7.302021192540326666e-01
-8.019722349492757196e-01
-3.932890375221143042e-01
-6.030591324459686486e-01
8.377118558528158232e-01
5.708520111715866818e-01
-9.403032555201595866e-01
-7.552697080713817179e-01
3.670349694344654523e-02
1.403601014035300576e-01
3.570318771959368753e-02
-9.777769185628664150e-01
-2.034852763617371885e-01
2.131353481871016697e-01
2.975511886876562873e-01
6.220204945298863919e-01
-2.611568860769577505e-01
-7.481221240783813009e-01
-1.410251980648009607e-01
8.909672507380781425e-01
6.662731815293849724e-01
-9.552799462908945216e-02
-7.477624789761019297e-01
-6.760326858053544719e-01
-4.002899336316125822e-01
-6.242760267534865903e-01
-7.847191132365094468e-02
-1.134750724967581448e-01
6.508823105141348098e-01
-8.509163646799726699e-01
-5.581638447043135720e-01
-1.023841701159908801e-01
-1.014713007121188504e-01
8.130515593559846099e-01
-1.969531512054745193e-01
-1.249153430675014054e-01
-6.011956594173593071e-01
3.933995207621840962e-01
-9.453818001000642290e-01
-7.696349681159901923e-01
2.583810508116228810e-01
2.049008747859843993e-01
-8.496614293872044588e-01
1.016224728106873698e-01
-4.120366317966785985e-01
5.617084134344434432e-01
-4.463906742738101840e-01
-9.430624498269544187e-01
3.077981566042464756e-02
-2.070450736343152354e-01
7.067615515138021554e-01
-9.403721910167064379e-01
-8.340246377436877356e-01
-7.496156988558146939e-01
-9.843285822870193602e-01
-7.900779485794657830e-01
8.253497730041670088e-01
-3.187340018267272868e-01
6.219168049546492938e-01
5.910891137069052004e-01
7.835425338207611112e-01
-6.528707529221235983e-01
-5.683983084781580875e-01
-1.466680763668277709e-01
3.350422922583680130e-01
-2.411338929617450333e-01
2.802724329008876580e-01
-5.359060046152157586e-01
7.264079274428956179e-01
8.909718277060278968e-01
1.036493138400522707e-01
9.015876863572991340e-01
3.280410551880952319e-01
2.482598378542728579e-01
4.354551777056852035e-01
2.752116891526421583e-01
9.794612743118313869e-01
-8.829039131148128661e-01
8.069107764404173100e-01
-6.220546945741851630e-01
-1.617815338333992159e-01
8.026575558776973818e-01
-7.286506858010515231e-01
1.645210575467404013e-03
2.871778354069398631e-01
8.914378918638754534e-01
-3.192296127324594224e-01
4.275926831222418567e-01
-1.894432408222266329e-01
4.607038287170419633e-01
1.399865579428201112e-01
-1.950348205525294087e-01
7.957436629328862310e-01
-9.752774839104827453e-01
-1.203370235081397954e-01
-4.866115591328308287e-01
5.204405677683214826e-01
5.906209345089781237e-01
1.276674506521953134e-01
-9.842701638271427189e-01
-2.478199209182079255e-01
-2.332539830805167025e-01
8.682102904735240489e-01
-2.260439161105938233e-01
6.040831585552299821e-01
6.922730621356554259e-01
7.966726189148312098e-01
2.271463493763068442e-01
-2.164575394157637334e-01
-3.082419564709701909e-01
2.553637862465496511e-02
-3.941574371884435379e-01
-9.307720713530158729e-01
-8.536407365455480623e-01
8.481820488003473102e-01
-3.434535044245445867e-01
3.944329748262087598e-01
-1.056887738470939642e-01
9.020131831925368715e-01
-1.411209544497500357e-01
-5.812323933341210225e-01
-3.527565477960923346e-01
7.504896380386749666e-01
6.080795638950990956e-01
8.183714851721286543e-01
2.152035634770854688e-01
5.884043470158564215e-01
7.439452534152246610e-01
9.729518314118239530e-01
-8.554784102188242034e-01
5.917714873408699283e-01
8.938899970484748270e-01
-2.475263467981236865e-01
-2.874469508689923014e-01
-1.232658408921580850e-01
-9.078853428645641266e-01
-3.421986257299554079e-01
5.451764785924022583e-01
-3.353730619973940286e-01
6.250236718865955776e-01
-5.660785750893810864e-01
5.732627354644677098e-01
2.940592097857623877e-01
1.080171606471669321e-02
3.098275603618814156e-01
-9.257012572181344545e-01
-5.655761366536806722e-01
9.331185569787989742e-01
1.545878278867747202e-01
-5.784182464832900994e-01
3.352858767134614393e-01
-8.005076642855315505e-01
1.124980992959510040e-01
-5.452341211864062398e-01
-1.575156572861142745e-01
9.057509464575359548e-01
-8.230245231073662904e-01
6.111145477875321586e-01
9.183180938016139994e-01
-6.450732520561643923e-01
5.871638444117470712e-01
6.446240071162649965e-01
8.517889954664916718e-01
2.583526015479427063e-01
3.470816273686994080e-02
-3.808490034409757197e-01
-5.724723422542816742e-01
9.197100906141333354e-01
3.393590829775623430e-01
6.539643234033509778e-01
