-4.294972874774349858e-01
-4.340019195982260936e-01
-3.730442322917031372e-01
2.417245177993332383e-02
-1.019308840236829994e-01
-1.078654519646879972e-01
-3.431795712120333519e-02
8.705620629158381529e-01
-4.678730827268968717e-01
3.001361832835636179e-02
6.485150785858713185e-01
-8.446060271956201682e-02
-6.302117105742968128e-01
4.791125352516865110e-01
-1.738406822776144001e-01
7.039435335597961085e-01
-4.025770035093614307e-01
-2.399994242237635245e-01
-3.289213196258633509e-01
9.601190141775977072e-01
8.230561267574048046e-01
4.065718470834001064e-01
-4.871032851297993904e-01
-8.551818860065967254e-01
-9.466083388746380223e-01
-5.989642940752704092e-01
-5.422460110459210725e-01
-7.560411301858205313e-02
8.507840412790010909e-01
-5.708577474314486810e-01
9.934385232311075953e-01
-2.214854642087009662e-01
-8.467186999757969623e-01
-4.091839267173846828e-02
-6.562021379174027835e-01
-1.394782153609603892e-01
2.326238082143021746e-01
-2.102514585196473273e-01
3.426664088822266585e-01
7.170467122850372466e-01
-6.531091728404756491e-01
-8.578449815418822677e-01
3.231011580356073498e-01
-2.507690340340371637e-01
4.123093373969457520e-01
2.387804673069533479e-01
8.953176443422057318e-01
-6.360147470004569037e-01
-6.125559275562129091e-01
-3.831251612045505350e-01
6.278798127232620985e-02
6.962595748332245371e-01
-1.913682813760912982e-01
-4.048656197561117942e-02
-5.420803705579464449e-01
-3.089875157804737871e-01
-8.018336549410975955e-02
-1.898737038394759935e-02
3.523081247848380837e-01
-7.286577862721099752e-01
6.765324294057140087e-01
-7.272480215427670203e-01
-2.037294647848575391e-01
6.699968787705157247e-01
9.586166668265529989e-01
6.214342941729915637e-01
1.797729016084148590e-01
-4.943486661104290469e-02
-7.306606280706282597e-01
9.677959332671204340e-01
4.585537788086746502e-02
-3.780889578925179517e-01
-5.671734427857644256e-02
-4.560732553386037669e-01
7.943658457716997745e-01
6.643022760795584958e-01
8.336763154980175727e-02
-3.993596121217819483e-01
-3.392863709072699852e-01
1.584315896509571608e-01
3.326747647621752790e-03
2.874063901498156159e-01
3.647350737719394775e-01
-9.547122915979442404e-01
5.922588371970110011e-01
-8.123590032518854809e-01
9.827761589498249517e-01
-2.926901522119629284e-02
-7.820977730860236843e-01
-3.897897755551877896e-01
-3.833785130918578865e-01
-6.765585374174347688e-01
-4.126253413295106753e-01
-6.886187284405018705e-01
6.893228256037688961e-01
-9.801366683968628646e-01
3.890765129619864204e-01
7.631318536238294037e-01
-6.543667839078024517e-01
3.708293675414502388e-01
6.125836670485464985e-01
3.627901031634526152e-01
-2.156855124014109837e-01
-2.788565289691944393e-01
-4.667216533425928571e-01
9.555937504170604058e-01
-3.365942207778089834e-01
2.434710070785897074e-01
2.497141503142221719e-01
1.215769634643015795e-01
9.924459847720052963e-01
8.608924714316179561e-02
-6.481274993387957650e-01
2.681969503123147192e-01
-2.538717542467368027e-01
-9.954484721795977542e-01
2.942644260357765162e-01
1.489193346056429945e-01
-1.942933314161177094e-01
6.423330516895593423e-01
8.322497851803141167e-01
8.776775982814075672e-01
1.548601540264580301e-01
6.033675939374825159e-01
-3.620661096313271266e-02
-9.806543910205904879e-01
-9.627028988364849660e-02
4.113151459162336376e-01
8.601690742998613359e-02
-8.972596286966325607e-01
-7.217811933701021587e-01
-8.242669769549204606e-01
4.371979837075317121e-01
3.862989976760089483e-01
9.355637370718981050e-01
8.190976289236531205e-01
2.525360182777185436e-01
-1.730715687211830112e-01
8.313953978354784446e-01
-5.400672868368641133e-01
6.167150564574617189e-01
-1.450929027305740693e-01
3.097984662836128500e-01
4.893509410763521306e-01
4.926478822993385354e-01
6.865174152971569299e-01
1.843663352996787186e-01
8.459431561325441162e-01
1.959855160821803999e-01
-2.191263143827741899e-01
-2.065387289155116157e-01
-6.182617412974051874e-01
5.089575488717323903e-01
-2.120935579609972699e-01
6.329520399597798885e-01
9.340040413606884862e-01
4.395955594361846686e-01
5.737551392347712831e-01
-9.330843151192089735e-01
-5.500782314980459109e-01
-2.073998805409378310e-01
-8.687912165803874931e-01
2.178291779713068532e-01
-6.953470327450081978e-01
-5.080499917152541123e-01
8.981428039919068240e-01
1.069662758125766722e-02
-1.374535065862048100e-02
9.584997577646385825e-01
7.450856102459588737e-01
3.891358663730719591e-01
-4.751467711493151391e-02
-5.268968339919364308e-01
-9.996280372817134552e-01
6.590666333178165637e-01
-1.746500267124762029e-01
9.001193120347505960e-02
4.186462375018336068e-01
2.614292803023057221e-01
9.380917427159867206e-01
9.682857775899949004e-01
5.381549077588221319e-01
-7.383958104294217062e-01
-1.574622945200847557e-01
-1.684606392190954871e-01
-9.673095851107513798e-01
7.448907556433075339e-01
-5.644672099945240440e-01
-8.559828114409451238e-02
-1.288020705542496369e-01
9.305025222022034193e-02
9.382106447035454266e-02
-4.580818275130089656e-01
-1.663993841047475275e-01
-5.603576861699994804e-01
5.757672502073638565e-01
-9.061469254754006553e-01
-5.696357385289303465e-01
1.824479334328314994e-01
8.384352739956966172e-01
-3.769769401434699407e-01
-7.886187444194137086e-02
-1.861118482613830505e-01
9.357766823015936097e-01
-8.301119402634418165e-01
8.492186229057119284e-02
2.286111949335918325e-01
-8.183589973037945775e-01
-1.153224038373645843e-01
5.060686381599854844e-01
-2.601099570399911798e-01
4.365747016164576166e-01
3.360314235248533787e-01
5.560725647198998534e-01
-6.730943487355791621e-01
-3.179461811595549747e-01
8.251587610845716458e-01
3.156573370640392007e-01
8.975325599744155003e-01
8.541366019617997463e-01
7.637398778577317859e-01
5.301083463300055865e-01
9.257964877704423223e-01
-9.585780482225505494e-01
3.522670821647013728e-01
-7.743709966218623730e-01
-1.554240574891501137e-01
6.122203070131146951e-01
4.742456690617538051e-01
-2.610003465123644784e-01
1.929663056344788075e-01
-7.108164482505960891e-01
-2.303387158070782093e-01
6.046503409359476056e-01
-8.606347968337337839e-01
-5.562549744869416113e-01
-4.675111965366933742e-01
2.498268621768606756e-01
8.905239487247960106e-01
8.514799929775038745e-01
-2.110007561965050460e-01
-8.450689835630895708e-01
8.297690942258328928e-01
-6.630947737673531517e-01
-1.076242986638213939e-01
-1.809606574282176528e-01
-9.904808979689498916e-01
-1.455198222916296302e-01
5.235273704204419509e-01
3.430738533269193091e-01
-9.541670677063380790e-01
-5.859072192421559411e-01
8.155426075001994679e-01
-5.681994725402244040e-01
1.975053056101037097e-01
5.621445738749597520e-01
5.381035795019806223e-02
-2.700009616003449242e-01
-9.547468647938182063e-01
-4.018815936606814354e-01
-2.033080107354603427e-01
5.920245680484761408e-01
1.367350427982483296e-02
-3.654689077442623280e-01
1.275898394280789994e-01
