4.852383369575941074e-02
2.920704069498436528e-01
7.575034002080038853e-01
-9.241484849115675360e-01
-5.982625944540487239e-02
-3.902070756204967239e-02
3.229833616454282907e-01
-4.171232838804592724e-01
-1.295208568257988357e-01
-4.908300804595278066e-02
7.357002107106824784e-01
-5.749926775343336960e-01
5.204918698272340549e-01
7.840428701926276389e-01
2.515132629132930120e-01
-1.318067775212767856e-01
2.037654903701169307e-01
2.006722901311741580e-01
-4.289478614126460698e-01
4.046697678374870932e-01
3.576129904511409219e-01
-8.202688543837319823e-01
9.736432978969014052e-01
-9.087887125760012452e-01
-2.682407718280084286e-01
9.979071639673915417e-01
-7.451178804687004220e-01
-9.998126974026497749e-01
-5.227843945428725103e-01
5.880607177742971370e-01
2.503959875206100971e-01
-5.292640158561399133e-01
-1.837316297855684510e-01
9.405654333688140412e-02
-2.897335151272206755e-01
7.049107271950176834e-01
-7.942139538673798071e-02
-1.611634919117075349e-01
7.115387016907759321e-01
8.237193327656009423e-01
-2.338753557808008754e-01
-5.400557191712658245e-01
7.384329834971150586e-01
5.774551950904767139e-01
-6.924716730158055888e-01
1.525021620780075970e-02
-3.175737650144772051e-01
8.780041107165177383e-01
-7.300840168756161930e-01
-3.013058862874551380e-02
-7.643892818672208822e-01
-2.765890665257741965e-01
-5.837517701236196732e-01
5.510378275418590377e-01
-2.058150886185261541e-02
-6.717502868055804655e-01
-9.050229019337381331e-01
3.791372395764294190e-01
1.922968668456932484e-01
-9.906753685811560128e-01
-3.832263956611257072e-01
2.281421679644795031e-01
5.760196648262660979e-01
-9.451689384515349346e-03
7.861307443952603169e-01
6.545128923180767444e-01
7.200101344658105251e-01
1.775076163461659640e-01
8.103882390589312035e-01
-5.792938139981289591e-01
9.129741489207947591e-01
-3.756805781156433710e-01
7.267345892561458687e-01
2.999393318307463918e-01
-8.447654528428238940e-02
1.667721208917496423e-01
-9.218110965600418982e-01
6.977213311726264688e-01
-5.867381409448098051e-01
-7.481605299132412235e-01
-8.287095322873057057e-01
-5.835923674059462218e-01
-3.585099658650017229e-01
3.998756799368889947e-01
-3.954031235364781072e-01
7.562606278075967303e-01
-5.406171160364623418e-01
-2.986161125328432586e-01
7.046594510245640652e-01
-1.395211136460223766e-01
-1.601842804431052869e-02
-9.235620569442788419e-01
-4.121327978591684538e-01
5.461821411618972277e-01
-9.081812466856382660e-01
-2.226724723642650172e-01
9.799591485758158971e-01
5.183389065924555172e-01
-2.829754757894684669e-01
1.593664191753971782e-01
-4.305235208351356757e-01
7.204833876135505744e-01
-2.609659191395785616e-01
9.473069730308434355e-01
-4.230680933350798867e-01
3.804220737070962421e-02
-3.903388150720492611e-01
8.527562539178723533e-01
3.670386093023172425e-01
-4.449633610818837237e-01
-1.018320362124716105e-01
7.254326947244076340e-01
3.677981150736822080e-01
4.105895675325155203e-01
2.274360073476457966e-01
-8.434668623372438834e-01
-9.604122920973070521e-01
9.815086623021076484e-01
8.594147658457587102e-01
-4.658929766444825926e-01
9.471244048287053019e-02
-4.165182744761211087e-01
-8.139250841545280224e-01
1.679937774022435271e-01
2.904543109022690306e-01
4.853754358661901414e-01
-2.520171199039102916e-01
5.920356615237984954e-01
-4.811559386788832882e-02
4.456701900104795833e-01
-7.933353326967862440e-01
-7.903925586470768039e-01
-3.359787767270054903e-01
-7.355190788365684185e-01
8.247206778050888420e-01
7.901828548746081538e-02
-9.505235182157241169e-01
-5.137268947436173239e-01
-8.122228846582697503e-01
4.158575440913050425e-01
-2.274121883881399242e-01
3.284239297123840995e-01
-5.556212038197896330e-01
-3.411525454346517883e-01
-6.365558878975723367e-01
5.938296099475266487e-01
6.775141127539252572e-01
-2.429514948329787316e-01
-4.904890040696865405e-01
4.091734593870370862e-01
-9.928412997770346138e-01
-6.466201639624133968e-01
-6.991556568333263666e-01
5.715173094313215074e-01
1.400194573272477427e-01
7.680208718455139305e-02
-5.361490919265294863e-01
-8.821327071586346769e-01
1.576647395983754585e-02
4.518936099272199414e-01
-9.958833315487498616e-01
-7.609151502250928178e-01
-9.342302205626884515e-02
-5.872645603556412297e-01
6.533533223095466802e-02
-3.793122495192813304e-03
-3.562344380258495313e-01
4.300061828078471926e-01
-2.195981982799783960e-01
5.248270886166404026e-01
2.806359450391802124e-01
-7.578650111398734790e-01
-7.049091628052164271e-01
8.126797058585621958e-01
-9.840702528899163415e-01
-1.819372415510760455e-01
6.644593792537520915e-01
-6.838480987213593210e-01
-3.724252335735944719e-02
8.721973816077639441e-01
-8.794019842653795216e-01
-4.921515181161719710e-01
4.649441927346595893e-01
4.491540597177505756e-01
9.893880274226669602e-01
-5.611215285705397626e-01
4.510315269810927230e-01
8.009424187539604389e-01
8.712576160479890142e-01
6.401746271661221677e-01
-7.372157931804601549e-01
-6.096280734438979110e-01
8.141547291279427334e-01
7.566877315343625288e-01
4.553536912608993070e-01
-3.783973980450572316e-01
-1.560622519712242529e-01
3.216030072079185675e-01
-7.846147033798678283e-01
-6.184047578844908966e-01
5.292280191124767441e-01
2.139596415986855238e-01
-8.590968707837145502e-01
-2.451472131831582413e-01
-7.365880166762375225e-01
2.298782925692921530e-02
-4.775577349996900089e-01
-9.499933789644325888e-01
-9.155716430510589809e-01
3.777255993015933289e-01
2.255420228836488850e-01
2.167357071499735888e-01
7.973591906525889783e-01
1.981519291376792058e-01
1.907679892066842520e-01
7.577678392389217699e-01
-3.142366629265245237e-01
-1.383906910649956856e-01
8.030656722049567264e-01
5.671365907973608955e-01
3.403387343393506903e-01
2.026033359740742057e-02
7.372952150211564692e-01
-4.010033897521245727e-01
2.171607336827405810e-01
9.807699751841414404e-02
9.170065380162117918e-02
-1.198460926886013578e-01
7.500696411537493002e-01
1.380706932373754192e-02
4.491704875560984522e-01
-8.823169441595397622e-01
-2.265810271444945734e-01
9.450998799883529866e-01
2.562193234754701621e-01
-9.328023479144942343e-01
3.964762720633150384e-01
-5.554123633571972363e-02
5.667026268488533081e-01
3.337658537500463041e-01
-7.427922991543882691e-01
3.399543488419054516e-01
-3.320351569899069322e-01
7.840768632387040693e-01
8.253761992978243534e-01
4.181805649745204967e-01
5.403305909663880247e-01
5.276645145377836243e-01
-1.844268620389448721e-01
5.373251445786819680e-02
-8.454928771689607103e-02
-3.197372106840912220e-01
4.735532736741177029e-01
4.698725343835450374e-01
2.675425278818375219e-01
3.156731334269300415e-01
-3.941677961752330095e-01
7.181686405629947867e-01
-6.276228808553279137e-01
-3.364424228244480286e-01
-7.507543747521936428e-01
3.102497942456436952e-01
-1.466344322908097464e-01
4.059963911105546330e-02
3.332211359168131271e-01
