-7.224080294534358515e-01
-8.983684918507102157e-01
1.136603168344982873e-01
-8.401610522136060411e-01
-7.998653001651923056e-01
3.063496043066438190e-01
-4.362249532585067424e-01
-2.703421806419181728e-01
9.367718524489336840e-01
-7.505164409611075893e-01
7.752572331934555194e-01
-1.605647038356812217e-01
6.229235538107575909e-01
8.440250273638629785e-01
6.699076942257513601e-01
3.455644738262897420e-02
-1.439766263543189595e-01
-5.655417959286084262e-01
-2.573081599056636914e-01
7.860123233515410313e-01
3.019008607425983648e-01
-6.714477844515454041e-01
-8.144366922933847786e-01
-4.858278717376243172e-01
5.252259296176144954e-01
9.958573411917259754e-01
-1.265995958889083450e-01
1.416377905897436840e-01
-2.174534673597716683e-02
8.771751560301965789e-02
7.135586520274945777e-01
-9.016307001784051867e-01
5.227174982519022794e-01
2.893966113601753598e-02
-7.810540515464099443e-01
9.579649566008812123e-01
-2.210212490105512018e-02
-7.035987291220686668e-01
-4.705658683367213158e-01
-2.075415912715063982e-01
-2.807474098206066415e-01
3.951582298288349726e-01
6.268015316958248651e-01
-6.125200627640379203e-01
-4.187674436964516911e-01
-2.271401294732566800e-01
-8.335580263565036674e-01
-5.192490224441199675e-01
-6.678265790983655137e-01
2.510355320854262828e-01
-3.479770511610684736e-01
-9.756037927523995013e-01
-9.945078551622403840e-01
5.343078538687593415e-01
6.703083367907136658e-01
5.241773365585991051e-01
-6.190743171834323100e-02
6.345861243963866194e-01
-7.863543486550799155e-01
-8.313313173254115451e-01
7.285042703769351036e-02
3.888399831471236467e-01
3.338554430242925974e-01
2.213928009475982783e-01
-8.495543160698875162e-01
3.672016257140935380e-01
-7.524039779394897653e-01
7.019601294894664001e-01
7.082460621046331450e-01
-9.354212812290811918e-01
-6.227709051963969955e-01
9.922360357467550074e-01
5.283794981775080668e-01
-7.760546307941846855e-01
6.667272924443738980e-01
-9.220404203872085702e-01
6.006181893321229648e-01
8.763074561248069827e-01
-7.693260060287248070e-01
1.625367655821599033e-01
-5.733645183700379899e-01
-9.720324577104708652e-01
-2.505348788383305880e-01
-9.673253486237636256e-01
-2.339859116667823979e-01
1.191288674090702493e-01
-4.335260492522889919e-01
1.269332344607865259e-01
7.781045856086494794e-01
1.998327736260270271e-01
-3.818192460990474935e-01
-3.901981070588700362e-03
7.132033217849136353e-01
3.823512514135793960e-01
1.264700738723738560e-01
3.408733766846290258e-01
-5.562451879277447997e-01
1.557218710666541384e-01
-9.967159781883450087e-01
4.449404126072031840e-01
-3.041471742927945865e-01
2.675245975135420728e-01
-1.297910530721146927e-01
-7.821471207003127812e-01
4.982218198472379012e-01
-9.370355092516500228e-01
-9.767932848173204174e-01
8.170915052923939381e-01
7.341647926513306111e-01
5.407878958639231737e-01
-6.218418870573572121e-01
3.396735643421899820e-01
-3.865293328223162739e-01
3.246314749339356265e-01
-7.240541139553644534e-01
4.391844629349475060e-01
-8.284835565312520522e-02
-3.833739835831506682e-02
-8.169376583422964799e-01
-9.295422331530431848e-01
6.762369733316189180e-01
7.333172584746487921e-01
-2.798113872250700407e-01
9.744546946299572632e-01
3.005088423557877864e-01
-5.948083721947816649e-02
4.213600991249975003e-01
2.977361461370318096e-01
-5.585198400255753093e-02
-9.229725395652246256e-01
-7.903316707264869123e-01
-4.160523346707334369e-01
7.481151753617054645e-01
-9.176205647072552818e-01
-2.011201349465288057e-01
3.315949737792560637e-01
1.288178828957524669e-01
4.456386183149856350e-01
-5.725208445086629183e-01
5.192632902018259333e-01
6.408859986042008128e-01
-6.108567285210511066e-01
4.345735576086526830e-01
-8.986017787717615057e-01
-2.307295703676570664e-01
3.925038456258811426e-01
8.807338587850033207e-01
-3.931196970096686449e-01
5.428985406947921533e-01
7.835925075200802503e-01
-3.033520025891436322e-01
-1.774045553460792402e-01
9.286039415849225431e-01
-4.032613450727584592e-03
9.049641091246158897e-01
-2.374755935272767626e-01
-6.690985653614878181e-02
9.443471925097417508e-01
3.240720092963915722e-01
3.374193025347269614e-01
4.682249509419373901e-01
7.672594108339638730e-01
8.043502492134524395e-02
3.959249633767440990e-01
2.519005571608445848e-04
4.564759494766512660e-01
8.473566549284974325e-01
7.518693026481415576e-01
-3.102559269035454204e-01
8.244270728620004540e-01
3.807506971616509972e-01
1.167776026993323502e-01
-5.646274119156824423e-01
-5.639500394605445610e-01
5.042356174041620065e-01
8.419803547808417665e-01
1.648350071846951259e-01
1.648291318819701257e-01
2.860696788661423184e-01
-6.457554037969552851e-01
-2.917064571355154623e-01
-6.992214864071226721e-01
3.826098980141432460e-01
-1.972717468469677993e-01
-4.936629950367417141e-01
-9.997230699843455692e-01
1.335695160581638063e-01
1.975917292876057108e-01
6.158789671997488835e-01
-6.804975162027060431e-01
-7.048501400198512457e-01
1.595741281796752009e-01
1.431196588210295051e-01
9.863995866731105622e-01
8.219232297342196070e-01
1.629224746321056294e-02
5.511079485370586895e-01
-8.452228321782409015e-01
-1.540204446600217381e-01
-6.112145508552129236e-01
-6.287890002736535866e-01
4.255451833859356103e-01
-6.195392291073154034e-02
2.740469572927632935e-01
-3.411667036676457876e-01
-2.277224475585810648e-01
-2.917583992046965946e-01
9.607954190155256757e-01
2.938858167045177439e-01
-5.107005389449834620e-01
9.210008960195317229e-01
5.808638030517965234e-01
1.341249791713063910e-01
7.978872570788455576e-01
4.176420229411910157e-01
7.618516391640937080e-01
9.026268226519047477e-01
-6.912662225431076557e-01
-3.761438231871703231e-01
-3.583639702083933898e-01
6.586661605444892320e-01
-3.937735881558419582e-01
4.799598686838799644e-01
5.311661524978554816e-01
9.204745496971700192e-03
-9.793835956578624824e-01
5.888837658250951623e-01
-2.195355371829950109e-01
-6.876941924168795683e-01
9.871754566353907467e-01
-2.289019172872441832e-01
4.086670508296244009e-01
8.368549879330828833e-01
4.575058245041430105e-02
-6.504281530637656683e-01
4.433329890772004234e-01
-9.640191054802971227e-01
-6.994815021589870785e-01
7.574791715843851581e-01
7.739418345633866103e-01
-8.354799895810041122e-01
-3.555951511131312248e-01
-8.542688634257415980e-01
3.350735883307400798e-01
5.698018231655768151e-01
1.097339950726021751e-01
-1.621095132273635553e-01
7.396390252244511299e-01
-1.342700016505973259e-01
3.234850159649100831e-01
-5.976637691452184598e-01
-6.298370147313803180e-01
5.536718904434012600e-01
-7.420822907149120518e-01
4.112145948096972425e-01
-4.340621101185258013e-01
-9.346819721246137913e-01
8.882468630976894097e-01
2.416132835164488402e-01
-5.331460639195289009e-01
4.737329675610668644e-02
1.698975762835788217e-01
3.270668651450141518e-01
-5.438752504895960627e-02
-7.220499691197928005e-01
