-6.380510159406549420e-01
-5.327521026897048539e-01
-3.583274438756476332e-01
6.552724693597928862e-01
3.380385134267895886e-01
9.660786158864083095e-01
9.089442133338716534e-01
3.718378716531112183e-02
-8.953914847005064459e-01
-8.281370691829921249e-01
2.331686612477559262e-01
5.610753393176373116e-01
9.064139892365652429e-02
7.996765091730049235e-01
7.117193822138117021e-01
-8.681380600645862700e-01
-8.825109561596293783e-01
2.310626246686526830e-01
7.362718122027169798e-01
7.914702853136441618e-01
-3.360719529270881356e-01
-9.070783612009090113e-01
5.787569154920511050e-01
9.557919861375998583e-01
-8.821705178661320979e-02
1.135173828156559317e-01
-1.383875650739150309e-01
8.560100263471688287e-01
-9.932349906024271480e-01
4.249605607123234652e-01
5.364362307564791710e-01
8.949649678989568535e-01
-6.138624879281875391e-01
7.694023543975743173e-01
5.512819424681421054e-01
-8.488834272855434460e-01
-8.898040293326798800e-01
2.374747340052101308e-01
-7.015560218208640730e-01
8.458536595159136251e-01
-9.127109713351737597e-01
-2.423449050312425079e-01
1.557828128423104364e-01
-9.616898219536791359e-01
-3.451254248470390085e-01
4.082498394164271183e-01
4.958882970992084527e-01
-8.688244663881983243e-02
9.712699765610357527e-01
4.001547414960073823e-01
9.543472600664337779e-01
-6.448301418709976307e-01
7.063967867219840269e-01
-2.308190005347210416e-02
-5.472441443703255359e-01
7.717357499955268541e-01
-4.787658408206911798e-01
-6.098131872475764936e-03
-2.945609028396936058e-01
-1.432412885105347478e-01
-7.829445749168024715e-01
-2.426793597191785334e-01
-3.757919869183041772e-01
6.941673193996829028e-01
1.148877045917224837e-01
-4.491674440016664160e-01
3.431643722739079472e-01
-2.657570706454692733e-01
-9.768333579727717098e-01
-1.297158578963300002e-01
-2.402135702262975236e-01
-1.686056592233053930e-01
3.709892568364847598e-02
-2.205297481434782547e-01
-3.053528771859255198e-01
-3.191784894178910648e-01
9.218659054488838045e-01
-2.706429407528816444e-01
1.186294648019921016e-01
3.567912886762287794e-01
-8.573969879477976175e-01
-7.048945048751922293e-01
6.560606093096064129e-01
-9.438881161424310662e-01
6.303294511449955007e-01
8.107922823070290441e-01
-4.222635029656462979e-01
-4.876338401183168969e-01
-6.085607942967066197e-01
5.089307469724690947e-03
-2.744028814302510444e-01
2.042890921883986355e-01
-6.896805949691700022e-01
9.051496930873459412e-02
9.599458081514367080e-02
-5.990718879569318922e-01
6.105195008701944648e-01
8.084291517453743303e-01
-2.017432080663426053e-01
-7.243686096262369478e-01
-5.278072616039581888e-01
2.717753360366081949e-01
6.046436242910160352e-01
-9.391743351219952185e-01
2.478722784839744175e-01
6.756148594201776270e-01
1.142138699831092286e-01
6.016032618500846141e-01
7.064340208895070194e-01
9.254278211653623742e-01
-8.091780700626109990e-01
-8.851982315537598733e-01
-5.239617491056531851e-01
1.032249100043918233e-01
5.569953090022532471e-01
-3.911731414004759877e-01
7.066940846266680509e-01
1.478327979812108506e-01
-2.552038997553831567e-01
4.568828927820407504e-01
-5.351765270765396210e-02
6.956388054276911870e-01
-4.258753093862643890e-01
3.306478484967145803e-01
-9.297613076683339806e-01
-4.088469583194584978e-01
9.083462039829399703e-01
1.085427127186882057e-01
-2.267562542518912760e-01
-1.317515250149374761e-01
-8.495245591935094431e-01
5.536490627499168760e-02
-7.174222227867741442e-01
3.056859926639392544e-01
8.855884241313478622e-01
-1.753642023184163179e-01
-2.179418709382174857e-01
-2.139961334300419793e-01
6.999744779133942885e-02
6.285371762121827466e-01
6.984934063767820334e-01
-2.802857011037165336e-01
-7.676412772442209320e-01
-9.417224757693958281e-01
5.222817338052976321e-01
-7.854088005884161117e-01
-8.410493039455824160e-01
5.515990011885052446e-02
-9.650402663258275116e-01
-8.531027309813981052e-01
-3.578752820376163157e-02
-4.445613153672818285e-01
4.275927397437244704e-01
-3.053828746234528158e-01
-6.116666230639720148e-01
-9.504521226412836477e-01
7.302068902049445587e-01
-5.053150557134031828e-01
1.345868204301798876e-01
7.045148738525619514e-01
5.338482556873100915e-01
1.564692080696461485e-01
-6.507663868023618736e-01
-2.256139634242915193e-02
-1.038368906551463411e-01
9.322766058659186506e-01
4.061668197042291872e-01
6.880313874783010597e-01
-5.106025488791730016e-01
-2.637032655755449095e-01
6.954611726054555909e-01
7.319591681646049341e-01
9.055881690035527676e-02
-2.643401939557266100e-01
2.037827253225736879e-01
-6.644650372150664452e-01
-5.602776074911435256e-01
-3.969884706075661462e-01
2.535777957787408443e-01
6.578980510887966204e-02
-6.484063637055967888e-01
8.370000537874333624e-01
-4.605300405968260069e-01
8.587288639461010398e-01
1.380153162565012082e-01
6.429789175771507548e-01
-7.470093946684825958e-01
-1.275409852151625500e-01
-7.435166170850597833e-01
4.445333214888933515e-01
3.053346059321244699e-01
-2.575816172001981208e-01
4.962999358582089737e-01
1.633847813022311080e-01
-1.784937910606148037e-01
-1.712668553388216885e-01
7.306593154569585025e-02
5.961723099408426929e-01
-7.858535150533709768e-01
-3.398743337240712759e-01
1.015874089149848558e-01
-4.747721871609944522e-02
-4.855132400635946421e-01
-9.043242953582102395e-01
-5.762168869626169698e-01
1.508610621628563297e-01
2.908582668836732221e-01
-9.535465332983519282e-01
5.809372382297235404e-01
5.426453278757172871e-01
-3.307752489200033175e-01
-4.472370500214504219e-01
4.036488286242407852e-01
8.967200633878527061e-01
6.447679150012004534e-01
9.094170684750468858e-01
9.075576345007683177e-01
2.352349553581505326e-01
-3.548587089430761399e-01
-8.437118001225432096e-01
-1.859299451825886518e-01
2.670956092744318777e-01
-3.469144788366818055e-02
9.260968866373717745e-01
2.595258503427375629e-01
7.371428857883686181e-01
6.337769895437339596e-01
-4.600043951353338656e-01
-1.525181313391907878e-01
-8.204750298258900454e-01
4.482913974542870328e-01
7.928902762444356433e-02
8.875267860683970778e-01
5.261570478439057119e-01
1.371733892543611777e-01
9.745585099901021842e-02
5.493144160541478804e-01
-5.195859620059328776e-02
9.153452170986668968e-01
7.695297858358574050e-01
-8.056117889485456818e-01
6.746792359779008041e-01
7.996148726444598509e-01
-1.905007511558991506e-01
4.240768931098370942e-01
-2.029304370921807266e-01
-9.798880279986736941e-01
-3.227885661531908479e-01
7.469151910036444519e-01
-5.935079126993312304e-01
2.994759514205114215e-01
-1.307906207660438636e-01
3.275077093298643938e-01
9.232516491616942211e-01
6.900367537035330123e-01
-5.877255773293050822e-01
-4.831008935223735090e-01
2.896629583208094605e-01
-1.190447764620452542e-01
-5.201873088634463294e-01
-6.819255556326713208e-01
-5.230534176214023390e-01
4.786807532733572401e-01
-6.724637492694127694e-01
-1.796014869202862130e-01
