-2.322004824983585625e-01
8.073145275214881345e-01
6.323075390331200918e-01
-7.995063424408004327e-01
3.294114719789713597e-01
7.147343554174940827e-01
-6.998254200632938460e-01
7.959708912192640096e-01
-1.926988129942741601e-02
-8.669027894179093252e-01
7.003128738758832572e-01
-1.063054522123834111e-01
-5.307905648331820991e-01
-1.113218109195279748e-01
9.081776963859788943e-02
-2.122147027082017523e-01
-6.579110418035927221e-01
-5.817729905476249908e-01
8.323293675639242828e-02
-2.861277534626907038e-01
-4.964485221082279853e-01
-2.282476133660340523e-01
-8.491041739375519981e-01
-9.134363300437995381e-01
-4.382583989097694754e-01
6.301153443961706735e-01
4.927756021072415837e-01
7.584625717799053923e-01
5.222376330444546966e-01
-5.138014609159458068e-02
-9.714559951737145038e-01
-8.625219593022070974e-01
5.263752296484192073e-01
1.411062615971185874e-01
-9.597283908985594358e-01
4.644129604470559336e-02
7.615134737659732256e-01
1.106249627641116007e-01
9.301240594884701007e-01
5.995593064745223799e-01
4.795261496665090828e-01
-4.720173670426874857e-01
-6.942199196945877393e-01
-2.035310576441542452e-01
-5.027875373082202337e-02
9.157322235467433291e-01
9.877883995079808077e-01
8.589368722288122093e-01
8.465582512366021106e-01
8.843213488034673553e-02
4.495700517258738316e-02
-5.341113712620952914e-01
5.557415838149306619e-01
6.057391517640235978e-01
-8.816371946413443794e-01
7.593572551133087600e-02
7.385018939742038491e-01
8.551367985961761953e-01
-7.781575196624168633e-02
9.281127260488439834e-01
1.652505812024540610e-01
-9.538348742187738871e-01
-9.849193453900555451e-01
-2.272029591191540021e-01
7.278288584552095042e-01
2.015794419727918729e-01
5.973117118520170354e-01
6.364400742208102812e-01
9.778624233394210830e-01
1.616424959984419374e-02
4.427182412024108782e-01
-2.166318138421312600e-01
-9.693486634590584572e-01
-3.213284898768882236e-01
-2.242833191232502799e-01
-9.228351330872819336e-01
-4.904139381634065042e-01
-5.997573048116466854e-01
8.476033558237752175e-01
5.096378120850542093e-01
5.982239164292708633e-01
-7.640898850812498644e-01
-2.061495362286700495e-01
5.385844126382262065e-01
5.469906745129637926e-02
-4.425664670209195073e-01
-6.819924100921033183e-01
-8.863508488137299413e-01
-8.945252407701107522e-01
-3.521360836777354120e-01
-5.079949664724510150e-01
3.431941164322978022e-01
9.669465908196539505e-01
6.510451224754878474e-01
5.898344091240539377e-01
3.928417443332579140e-01
6.033240117766947019e-01
7.013001249721089181e-01
-3.266248455449329846e-01
4.543339708592670778e-01
2.704662782956097633e-01
4.843569163590759619e-01
-5.660448011569148008e-01
5.966579147058623800e-01
9.085763310859535924e-01
7.661655930472828224e-01
-6.976399396160639643e-01
-4.492495557654030414e-01
8.468023687445100922e-01
4.040826778935864283e-01
5.424160545854384008e-01
-9.604639691937661983e-01
2.919145302191126223e-01
-4.058790852117009074e-01
9.315260716447999467e-01
7.898298950507376404e-02
-1.243920124876365385e-01
-5.057203687345186438e-01
-8.493303361517583472e-01
8.196445393749185460e-01
1.248132101695831331e-02
-2.967491390897691872e-03
-3.473022215400014545e-01
-5.837180211510761829e-02
-5.725174794343996787e-01
-6.581022486422047901e-01
2.244169011985148732e-01
-4.875994786084774102e-01
2.241546425693003997e-01
1.367948784975914212e-01
8.167147734229240896e-02
-5.711232188554293820e-01
3.347674945184055950e-01
-3.911099700011306801e-01
4.836323981607109079e-01
5.408283748791113954e-01
1.661637390590469110e-01
-9.415181834854635667e-02
-2.379701331685704080e-01
-7.077172627693051332e-01
-5.605479943406697085e-01
-9.445710005186296332e-01
-1.032895553221195861e-01
-4.159649565759455658e-01
-5.103731913275360021e-01
-7.042285825363028273e-01
1.320598774728751756e-01
-1.991950381528198033e-01
-9.529110549100461292e-01
4.700795924667613424e-01
-6.977989086922651296e-01
1.932792993635610301e-01
-1.046730584306567735e-01
1.096145282619054306e-01
-9.482873785262828648e-01
3.032114845030187134e-01
-9.453377819968733498e-02
2.657162856933250605e-01
2.232550927517356065e-01
5.440919479236472345e-01
3.319233099097207429e-04
8.417035244820179063e-01
8.059306565553099322e-01
-7.540331563362046019e-01
7.095278249296153028e-01
-7.454069852440969868e-02
-4.933407418843156478e-01
7.381084156136152874e-01
-2.333320554785474066e-01
-8.081739381664034827e-01
-1.808075283182315474e-01
2.433129601716810253e-01
-6.685880577271574587e-01
8.283286047383613404e-01
-3.002485994975037098e-01
1.506685790391917301e-01
9.145628881525573739e-01
-7.742099279144980528e-01
-7.262097908199045548e-01
-8.542643663925613140e-01
-1.426632559251415078e-01
9.738515807399723556e-01
-9.425893390156026008e-02
5.606410915845023712e-01
8.662775391061818819e-01
9.700693269757638681e-01
-5.234675597516587064e-01
-5.261759377940995464e-01
8.298198854296499061e-01
8.828920292554736093e-01
9.179535768633533266e-01
-6.467430281562800420e-01
-6.673840949596299144e-01
-2.239505811398208035e-01
8.427109877943532723e-01
-1.120438728224049107e-02
7.240198504307706617e-01
3.064153585461770746e-01
-4.877707049383062099e-03
6.326642057380709172e-01
-1.433584203778013322e-01
-9.208505699393751964e-01
9.651508775800263784e-01
1.536524799640703876e-01
-1.624163836582726006e-01
7.233259979978989840e-02
-7.954262002192717951e-01
-4.696121160683988105e-01
-8.665045663241044416e-01
8.879619332540755750e-01
-6.226939237275235239e-01
-4.216157868288563648e-01
5.575049363956525728e-01
6.052509391664724347e-01
6.803901926568494130e-01
-3.225251946915963508e-02
-5.226422018826275551e-01
2.471185158083000211e-01
-1.482609182042708973e-01
4.760511069113280147e-01
-3.669932316504296299e-01
4.904418816771392020e-01
5.784266506935276109e-01
1.750344752514441105e-01
8.862409790444814028e-02
3.744561146648741623e-01
2.818521190562783829e-01
-9.716974497889381279e-01
-6.985488637907173448e-01
-2.248126644855388268e-01
6.534825263067953749e-01
-9.657690627823722895e-01
-1.103439045410725683e-02
2.416465785539676503e-01
-8.202162215463097983e-01
-8.427802065382730135e-01
-5.118066465666299969e-01
6.396540498517220286e-01
7.026245570328875090e-01
8.473722690403673319e-01
-9.231619069179610726e-01
4.873065070761730677e-01
-7.994042728551642440e-02
-6.987559940897793975e-01
1.888708939382690577e-01
-4.534036689475224868e-01
3.126420717577371722e-01
-6.190854215726688814e-01
4.699852154842654173e-01
3.757896335663448717e-01
-6.141098576297676637e-02
6.735786260556286820e-02
8.867852176467507785e-01
-1.859414181716381176e-01
-8.829875224938674716e-01
-8.947448187291950905e-01
-3.509496241785137194e-02
2.561912352564887918e-01
4.643644136583222615e-01
-9.574828994099215951e-01
-8.208427377832556715e-01
-5.356022202186754289e-01
-1.666368597365084359e-01
4.998110322725906052e-01
-3.352572521166130581e-01
