-5.229704832596424602e-01
5.233995836641998078e-01
2.190318504138619726e-01
-1.298746412517974846e-01
2.858852733914778455e-01
-7.112345768555272674e-01
7.248753727973098471e-01
-8.384288887148578784e-01
-5.450375367875635035e-01
-8.670356054320040862e-01
-3.072696432536143885e-01
-4.397116844253048384e-01
9.379203599276164649e-01
-1.554191079621607408e-01
-1.452062864642320594e-01
3.830690804192180554e-01
5.998813562192106819e-01
6.291825635761190139e-01
4.112113608118888042e-01
-9.764149414582081743e-01
-9.297881886283247965e-01
6.085058820812376812e-01
-2.076208935320855709e-02
4.933401392410090569e-01
-6.820225660190462058e-01
4.353079340093035654e-02
2.138694931264051302e-01
-3.965763995402895592e-01
6.061398404380335947e-01
2.658627005658948939e-01
8.767212308838341350e-01
6.685571529076264063e-01
-5.913871370631789137e-01
-8.962257758403717744e-01
9.878116702515504777e-02
-2.627899827666857480e-01
1.367401574868565284e-01
8.284529970110332542e-01
3.262881336245635477e-01
-5.560203426216216993e-01
-7.282534112582632613e-01
8.988733942844433500e-01
-2.517061072346129524e-01
2.146324050954482310e-01
-5.686337603559319387e-01
-9.947353222265953310e-01
-3.733241997209453267e-01
3.531401847563795382e-01
-8.973767490706456851e-01
5.632243234559279887e-01
8.305929262573916727e-01
-9.110188540948926939e-01
9.422072765962181684e-01
5.300213121575314545e-02
5.497684006073160212e-01
8.766400028947920475e-01
3.003098642890174030e-01
2.577516599274263243e-01
-2.301167214898502955e-02
7.746015877720113796e-01
1.945782820169239535e-02
-5.533451333902728031e-01
-3.189650436586910498e-01
8.046878664357688393e-01
-9.830765750761647492e-01
2.759619718937678101e-02
1.153251758712094954e-01
-7.403578782709898665e-01
9.712071036958738190e-01
2.066946214477389798e-01
3.683666615218912366e-01
-6.987719374822329854e-01
-3.155836406129473026e-01
-5.676143794849073387e-01
6.484310595880380390e-01
7.052715344162725497e-01
9.818238261951472978e-02
2.185266319659884271e-01
3.528985363429162359e-01
-3.231288997048942235e-02
3.590002893608701395e-01
7.579164339136672535e-01
-8.865769161405734344e-02
9.975333566037281052e-01
5.106988921774511248e-01
8.692461080514910510e-01
7.361226033903285337e-01
-4.360552098455994230e-01
-1.269548256383503659e-01
2.060365000628876508e-01
8.365465478035924995e-01
9.342679509871065768e-02
9.579655367804829069e-01
4.685269681908457162e-01
5.099209362874692619e-01
8.229491623736471251e-01
-2.343719768399956660e-01
3.519517608208551085e-01
9.780042276280975777e-01
-4.778239168730888942e-01
-8.910784322668119373e-03
9.123824415029830881e-01
-1.080350638308762434e-01
-2.946599178597710811e-01
1.488008906500652984e-01
6.943606479700099587e-01
-3.629313173963086836e-01
-4.277846096597128778e-01
8.812702125440980971e-01
7.084780426883667825e-01
-4.934998960912369004e-01
2.419352906931506730e-01
3.619988992741962619e-03
8.573296425512109131e-01
-4.971526894101054861e-01
-1.821009486209761441e-01
9.688257144434049284e-01
2.523111073876067589e-01
-7.462402680886786044e-01
-4.335510337124433011e-01
-3.474542886771225803e-01
1.142957683591325768e-01
3.172906804683506277e-01
-2.179160118870926421e-01
3.365479160304782891e-01
-8.261615242288471439e-01
-3.420935405535701079e-01
-1.273843550052247142e-01
2.163308562736112606e-01
7.970785541435632116e-01
2.654803432490242532e-01
9.603274697503056956e-01
-8.106216664526262328e-01
-4.632653664648433978e-01
2.833943281286910310e-01
-8.385799584633772952e-01
9.655888212902432599e-01
-6.397902835071211936e-01
2.118870807177792859e-01
-1.360776293035212969e-01
-4.015976841667792119e-01
6.423105086128440000e-01
-4.757069146637566970e-01
-7.744661184756598260e-01
4.159485883956492991e-01
3.333593303649382555e-01
-7.769419414705778237e-01
-3.888652327750559135e-01
-3.769981880894999193e-01
5.733424171713130679e-01
8.892158543795034564e-01
2.842380925700160876e-01
4.965890596228066389e-01
3.795858721654887802e-02
-2.976131037424274428e-01
-5.647599348111547179e-01
1.571589686977612477e-01
-2.455362896932720140e-01
-1.493506179498198527e-01
7.723715203168191046e-01
6.548211839521758115e-01
2.021895725520783671e-02
6.170708821645023434e-01
-2.842655980140040839e-01
7.144753350328409969e-01
2.883333354985579966e-01
1.864401259484314011e-01
9.549489904323353873e-01
-5.787093286102451550e-02
-4.281147630291985973e-01
1.707354785392067864e-01
-2.858065689478117566e-01
5.959111375771639629e-01
8.898191247291085126e-01
-1.640794478155083169e-01
4.541434925452998428e-01
-9.896516720087233931e-01
-7.469678978261466984e-01
-8.818064914461702930e-01
4.897746007305656679e-01
6.267092071374003037e-01
-1.068571040034280717e-01
7.441854927050650659e-01
-8.033605769342393454e-01
-9.177906777125124371e-01
-2.127982317487100428e-01
1.034408917764104707e-01
-7.273659671712349173e-01
6.306922339579768000e-01
2.765123812057799224e-01
5.965702146962137409e-01
4.847233630579068642e-01
-2.949624618574002710e-01
-2.590714846763344514e-01
-2.115096565828828989e-01
1.992363721947469912e-01
-3.620109905751160984e-01
-2.018663952710730847e-02
9.404139029058415922e-01
2.269945718234867016e-02
1.810845782816736804e-01
-1.390318458513539746e-01
-5.727368305321476338e-01
8.419344011429965580e-01
9.099533098262870823e-01
-7.392062101624679027e-01
-4.350634652527063384e-01
-1.460466594114899763e-01
9.374257173117863662e-01
-5.033859522569703593e-01
-8.741217438920723115e-01
1.985387583753563945e-01
4.786376059815222739e-01
-5.409214290460579999e-01
2.751446789599070186e-01
-3.003785417616910980e-01
-6.649453503402347199e-01
8.557645501482902262e-01
3.096666375293399831e-01
-8.273668005648451285e-01
-9.194741005934645717e-01
-3.384980648038160567e-02
-7.775207870762466111e-01
-2.940226185759104993e-01
6.023738037896007036e-01
9.025757270041134817e-02
-2.730466199171535102e-01
1.049366944250038625e-01
-2.516972780904791485e-02
3.186244798956894275e-01
2.835918909852586101e-01
-6.503092326636181753e-01
-9.590556000369805378e-01
9.911152452562037585e-01
4.284192381283495887e-01
3.659304049943981063e-01
-7.229718748731064348e-01
1.265435727745092276e-01
1.191404271402098924e-01
8.983200753032776209e-01
9.467293785145123319e-01
-5.186515381997671703e-01
-1.196247948947457562e-01
9.808604910828340184e-01
4.614514672265266348e-01
7.516695002386242219e-01
5.449065610540686500e-01
5.951098736346975837e-01
7.535578605751935832e-01
2.016929955983157718e-01
8.464600519883569429e-01
-7.234379872644898235e-01
6.056906575563762996e-01
2.042493342542923696e-01
1.477969918066019961e-01
-1.513338529722247916e-01
-8.120939330604695083e-01
4.088015871847350269e-02
-8.553601447193952545e-01
-2.831492481497848157e-01
-9.681572754653902102e-01
-9.325356748583222277e-01
3.465833694391702302e-01
5.457293461116869970e-01
6.796282893156675442e-01
