-5.716281348689020714e-01
6.882689754054280851e-01
5.604035165657674789e-01
6.883372789788164692e-01
-6.962873295519311778e-01
4.214814756851239519e-01
7.729150122654842026e-01
-6.965823501136367835e-01
9.642298874074954895e-01
-5.614518146834244217e-01
2.924071167465935872e-02
-5.531514032528048741e-01
-7.797478999397495780e-01
1.429765056221268260e-01
5.748774829713005907e-01
-5.763527469244071888e-01
4.744148831319707771e-01
-7.543105916230372632e-01
5.604330843146905217e-01
-4.782933080913651658e-01
8.922243586663252124e-01
4.992307860870641711e-01
-2.731338294199348038e-01
-9.843595366009609826e-01
-7.332442947620569917e-01
-4.304686110638906715e-01
-2.656845439568178424e-01
4.718063152151648065e-01
-1.743786655879457914e-01
9.756171149074299720e-01
-5.872666048781158832e-01
-4.602316747364285643e-01
4.371854082535255870e-01
6.782779929305984279e-01
9.027032276068278627e-01
4.312244677926868608e-01
5.627780546583645016e-01
-1.625659403597845554e-02
-9.188491849760778152e-01
-1.952074917503288098e-02
-3.270110993470423111e-01
1.400379419669781633e-01
4.223305327169160073e-01
-4.032026614150652222e-01
-7.491304305285950704e-01
7.920633818410942606e-01
4.100121652504400416e-01
2.974089675187450155e-01
4.058937339749346673e-01
9.406063640395707637e-01
7.293896160294135456e-01
-6.547690735285360830e-02
4.323312993929184778e-01
8.418134991705941150e-01
-4.124644242490971280e-01
1.694648984430631167e-01
6.029565385367019470e-01
-6.470413266067984726e-01
5.779259939335155138e-01
-8.953564853257569567e-01
-3.098536108788789711e-01
8.793597333555203122e-02
-5.074057601045955934e-02
-4.572865031777135769e-01
1.587961035290827994e-01
3.378271352394415228e-01
8.326697631222739204e-01
-3.715316108683246465e-01
4.842094035233146521e-02
4.943249000004610316e-01
1.536931036981716847e-01
-8.310902005333367093e-01
-6.772347910095768420e-01
-5.761936152066153838e-01
-8.891367823727784891e-01
-7.203045108346750602e-02
-6.269228005370321988e-01
-3.856162860827907490e-01
-6.715621981334631840e-01
-9.468429944563552247e-01
-2.637392760092693855e-02
-9.900266183274741838e-01
8.152143654871961687e-01
4.345762742873391371e-01
-7.153958415403045557e-01
3.641936896453876749e-01
-6.479579571039686403e-01
1.632205916187563499e-01
-8.039224026858349248e-02
4.720631695643568992e-01
7.159321054458021028e-01
-9.951675702122464440e-01
3.809020863211525221e-01
8.458758348166888208e-01
9.685598586666888110e-02
5.826423725479075166e-01
3.697482062896901844e-01
-2.348683345692703650e-01
-8.100626835487980681e-01
-8.227200576104016783e-01
5.577138666489827035e-01
3.641137702013781396e-01
3.920825337505497998e-01
3.713331058255420203e-02
3.505638951654810320e-01
3.625876133123351330e-01
8.971469716222590929e-01
-6.556942228078803669e-01
7.751006730296849945e-01
-2.984970350232329928e-01
-1.452993637105441938e-01
-9.888914726563253765e-01
-2.617812271045627526e-03
-2.344987697273910321e-01
-6.526978328509129845e-01
6.027558240143933155e-01
9.681306830680318498e-01
-9.632900568926543450e-01
1.874638869904114991e-01
-6.436010477807350139e-01
-9.780308300191478121e-01
-1.084247607630890453e-01
-9.896931844521097421e-01
-4.738643044612578237e-01
-7.139524852673422295e-01
4.353754075768929699e-01
2.952633331127643146e-01
4.447365789002910574e-01
1.532208126991498887e-01
-1.151259751770610240e-01
9.532444142454703506e-01
-9.413242016625402719e-01
1.400427140272835214e-01
1.026369723452258409e-01
6.796384924037663922e-01
-6.493645434835360053e-01
-5.069131507383963786e-01
4.429625654551094804e-01
-5.415280849229617832e-01
-4.711336101457486158e-01
4.527529103801124499e-01
-7.347928785972819288e-01
-9.508651888661896479e-01
-8.477652031930980048e-01
-6.398773663361954078e-01
-3.318223330528917714e-01
5.518017953802847320e-01
6.901041540976902144e-01
7.148073744117844353e-01
1.089602949626908845e-01
1.915051487793473228e-02
8.783784921095429965e-01
4.259664335340274111e-01
-8.770720813403281024e-01
-5.617310478911663463e-01
2.768680039517934510e-01
1.108789719278531205e-01
-6.022334846747048331e-01
8.184327443074375097e-01
-5.690315637603911014e-01
1.291488380986005602e-01
-4.967697167990221541e-01
-7.670448019893012503e-01
-2.087359797565884190e-01
1.875498664334487309e-01
-6.414116470737618592e-01
-7.714839422320396434e-01
-1.296193676444290510e-02
-4.571675856816699302e-01
5.742526710993451911e-01
-5.851121057019508243e-01
-2.124024609308561296e-01
7.576637735290430165e-01
5.350472205653389324e-02
2.021075793133597642e-03
6.855406601123008592e-01
6.999822006494296200e-01
9.183997521627660365e-01
-2.897339714737259264e-01
-8.690988277151638908e-01
4.105128768795449634e-01
2.441383538591788138e-01
-7.078196408919448235e-01
9.237285540155648622e-01
5.964283680252031594e-01
-3.798153722545591915e-01
1.108902317816031768e-01
4.293069408323453295e-01
8.656073357384990175e-01
-3.689143338451810195e-01
-8.699735450522478875e-01
-3.673249815409640462e-02
-6.546002266131292213e-01
7.701315156758923308e-01
9.225281857860889723e-02
-6.986530246019297952e-01
9.837201188079160996e-01
-9.820677954829255540e-01
-6.462451374534807780e-01
-4.592496416469795673e-01
5.441931886153859033e-01
1.497188532764690549e-01
-5.282171548725973498e-01
-2.639311308180345428e-01
-7.207589573658030879e-01
6.015347586698651661e-01
8.744093621385715664e-01
-7.103682147178753681e-01
7.832852732026742704e-01
7.174385741300448593e-01
-6.484699897996908380e-01
-5.213712331114146448e-01
9.974089800764194269e-01
7.484921732129052874e-01
2.742726206744394712e-01
-6.010404806140257072e-01
-2.539043424362941170e-01
-1.569090557627252913e-01
1.709825413489276524e-01
9.470374782873913766e-01
-7.740597228217183101e-02
4.315490160924848606e-01
2.608487038735323171e-01
-6.977585603711518036e-01
9.527024617357151559e-01
-8.517759440836569773e-02
2.787679908729041589e-01
2.963281672301232295e-01
4.504077199455753799e-01
1.271842003258010223e-01
-7.841006726418409123e-01
-7.423114298420407930e-01
-3.996977843851907686e-01
1.757316927886889424e-01
6.451657309556948494e-01
-2.395867136258535979e-01
-6.766602053073680345e-01
1.510224759624816393e-01
-1.129869614746399353e-01
-1.612497345667167625e-01
-4.605031139588287026e-01
7.722456870176030996e-01
1.244328251450093070e-01
2.381512327074790658e-01
7.501562627271742834e-01
4.205321282415261930e-01
-5.004905833474329047e-01
3.541466697333381930e-01
5.945774421857119574e-01
2.222679026386389367e-01
2.842163609025054605e-01
-6.378896139000533871e-02
5.062659850753006285e-01
6.251456608466421372e-02
5.348127523111125825e-01
-1.303709905237218081e-01
7.678403043727415334e-01
5.911590772053982867e-01
-8.779403821211724246e-01
9.872288368139532366e-01
2.884629040721542470e-01
-6.475821808586545991e-02
-9.735914832935677055e-04
8.048567071899315195e-01
5.027278565748105610e-01
