-4.038497163718115512e-01
3.445839323790236275e-01
7.840125137450484338e-01
7.231068273848748618e-01
-1.378764088869837146e-01
-8.755973468136848403e-01
-2.381982233225037326e-01
-9.431530649695518687e-01
-8.669707281988590086e-01
-2.893361443139874645e-01
8.509728522273460882e-01
2.873307751326259485e-02
4.132848056706937001e-01
-7.768963834994153661e-01
5.392025425418471851e-01
1.278545921427995946e-01
4.867713583260238064e-01
-5.274689211218637208e-01
-9.124794167103100762e-01
7.379499228895556318e-01
6.136894266082664195e-01
-3.866652164228527866e-01
2.696372912355644580e-01
1.929568953426878952e-01
2.488690242797748642e-01
1.640047194308069667e-01
-3.357283701689153244e-01
-8.481039783763046902e-01
-2.271052029281408480e-01
-8.745781468919895385e-01
7.758818422176412266e-01
4.559204529241784876e-01
-1.682219418413051226e-01
-7.890211967134532767e-01
5.033798289401112402e-01
9.546750174393230370e-01
2.313072172451484665e-01
6.227758534308680538e-03
1.999219510954688417e-01
9.613863901338992601e-01
-3.064883100180002540e-01
2.992843462770893304e-01
-9.248912017208623659e-01
8.974136125805709518e-01
-7.113537313926516781e-01
-7.686934847518331893e-01
7.639801200292144490e-01
-6.480606970123743427e-01
-8.918984329993537852e-01
6.873055887986523338e-02
3.593044760128054627e-01
3.641855990893332340e-01
-1.901595578619201810e-01
-6.680407546256421636e-01
-2.298430877355113200e-01
-9.788547142143984026e-01
6.516943290486456597e-01
4.684145504588634878e-01
6.858232060492721605e-01
-4.082718359372361494e-01
6.694194312165488991e-01
8.547421420894387722e-01
-3.721024513331427919e-01
5.055333619316362270e-01
9.660981737714979811e-01
5.081066244896781381e-01
-4.153706561048373658e-01
9.119232412734690207e-01
5.723531836363573433e-01
-6.577495450156716217e-01
6.890562132589792554e-01
-3.377031777220476094e-01
-9.639280404179977335e-01
2.228525142075059584e-01
-3.893011383459019648e-01
8.640733633516057832e-01
7.654363526598793044e-01
-1.847868679202901987e-01
1.657261083958121439e-01
-4.077730324107682325e-01
8.278059112403313158e-02
-7.373022465586183127e-01
7.618732453496708246e-01
6.473447400823009179e-01
7.697713391368787850e-01
-9.950436971244489559e-01
-1.041357800653848198e-01
8.093914816911647048e-01
5.192169870269207621e-01
8.199388335137705042e-01
-8.531410331180848683e-01
-4.237176691708419707e-01
-5.095389703689872096e-01
-4.646219855406581445e-01
8.851269271145281170e-01
-6.166100896796460340e-01
-9.334330226564240274e-01
3.416650794947346803e-01
7.391061963950833480e-01
8.242134409945152118e-01
8.849614821756306426e-01
-4.619727298596074672e-01
-8.084621048199034377e-01
-9.221891548081999623e-01
-6.738944892292859645e-01
-9.182442870749614183e-01
2.777717067824245767e-01
-1.085839791449378922e-01
-7.481718132570669422e-01
-3.367446747823132913e-01
6.274856412286002882e-01
-9.472068145634735536e-01
1.044216586410180447e-01
2.248098184058600069e-02
2.345537860821340637e-01
-4.654705724549337287e-01
1.813407213559674602e-01
-8.677778969842921963e-01
5.071412180345005183e-01
-5.450090817807540233e-02
-6.987816853284127827e-01
7.872980655672301431e-02
7.879844984629778004e-01
5.356381656198823116e-01
9.893732386034925774e-01
-6.609811334384294579e-01
8.111081504768995476e-01
-3.599622137626505847e-01
-5.072988530559030540e-01
1.675962911976358605e-01
-5.707656034951551494e-01
6.488459923793075124e-01
4.848088558422638528e-01
-9.712622567126738549e-01
4.799886436348126395e-01
8.789608182272028447e-01
2.235749952573917732e-02
8.300078706748112989e-01
4.820549785334575787e-01
-1.779490083696955161e-01
1.847158696610962103e-02
-9.655091005853784214e-01
-7.259181353590773433e-01
-8.272107383948781312e-01
1.840534721034134957e-01
1.690534506793890390e-01
-3.763465179492226920e-01
-9.712945641390795526e-01
-1.100656234601462558e-01
3.705594501007325459e-01
-8.263966887867604250e-01
-7.181959222135185783e-01
7.698359312768063845e-01
6.830741604775181219e-01
-8.368808826310198956e-01
9.660026343865109055e-01
-6.698543413574267191e-01
6.308448967664992413e-01
3.600598457931705187e-01
5.236694486574950957e-01
-9.375314150821079107e-01
-2.278487304870442376e-01
-1.330194358556324730e-02
2.564607765495716674e-01
8.955445864463953409e-01
6.700765113037236986e-01
1.628663089683881626e-01
-4.308348414986817865e-02
7.799432229322016408e-01
-2.982775691059498246e-01
9.873098321718474235e-01
-8.945424230345029315e-01
-8.932071287486000877e-01
4.608005183120980064e-01
-2.363669478534169421e-02
6.553211039095059309e-01
2.724447821462081532e-01
-8.861607495946968172e-01
-8.874581620689292460e-01
-7.965744276949060509e-01
-2.932308998412791468e-03
9.483169541067217878e-01
7.261831670582838960e-01
-2.116320013914485543e-02
-8.041927260484600382e-01
5.791742738900744758e-01
-8.187376108414277098e-01
-9.024155137776630475e-01
-2.028169038450335915e-01
-3.951021684461344385e-01
5.968507787563559486e-01
2.021837033181768106e-01
-5.088823573615568474e-01
4.510863786809509168e-01
-2.709037549368917830e-01
6.062680532726516525e-01
6.677866034523673999e-01
5.840875564519512064e-01
-9.825401120438645997e-01
-3.130517582892875517e-01
3.822623353149936509e-01
3.988742017805950724e-01
6.126228037759686718e-01
7.993695264129696554e-02
-9.841279517429113444e-01
8.126752646160535498e-01
1.302946524686712237e-01
2.772233066536311519e-01
4.936876456231837906e-01
7.609738294174055451e-01
-3.803239607936310662e-01
-2.383439070923931702e-02
4.595648602037438746e-01
1.404159692676154592e-03
5.574759526280335109e-01
6.231197468790030669e-01
-3.911053528890153785e-01
6.050928494075895614e-01
9.244901129393308103e-01
6.434260208082023258e-01
6.577633443357144838e-01
-1.659942040451511946e-01
7.368980999659733300e-01
1.920278167680322667e-01
-8.067003963312382453e-01
2.226470184863458268e-01
5.615097454131419141e-01
-9.196573437441690757e-01
4.459423016912786863e-01
5.500102986363573088e-01
-3.114776948556341463e-01
4.928977142577917192e-02
-1.691441769469657075e-01
6.545120316499750679e-01
-9.081834569124700440e-01
-4.328909986543683086e-01
4.463999231212869567e-01
-4.657068910416168883e-01
3.939134486485773579e-01
2.314318918386217838e-01
-8.895982514093112581e-01
-2.077099956763128752e-02
4.867567790911306869e-01
5.767643009532585907e-02
3.198601918891266216e-01
8.233188649332567888e-01
3.418064469140331685e-01
-5.430693446276224634e-02
8.419678629504034895e-02
-3.025247167195352915e-01
6.376032272611744656e-01
-6.482633861683348986e-01
7.144915653241807885e-01
-3.779397310539651667e-01
-3.657527111122722552e-01
-9.402675761896333029e-01
-2.983845595692420360e-01
-8.828410719392187911e-01
7.207457177837985896e-01
4.155694808529490913e-01
-7.770864355642672638e-01
-7.261227601445097157e-01
4.777042059876610569e-01
4.379157306896332980e-01
2.092809072895820410e-01
