9.514379147205227483e-01
-6.428404769019508969e-01
-1.798642042127813756e-01
2.138975168775081315e-01
-2.529410955650772674e-01
1.947645199374314906e-01
9.738134349164477843e-01
1.406749731356178312e-01
-7.629139585817183988e-01
7.675400954960931443e-01
1.211193904459517690e-02
-4.181260304745546552e-01
9.333536127265718019e-01
-4.692916653940621963e-01
2.027503111200161801e-01
5.631363167925755864e-01
-9.809207681309726201e-01
-7.261207045279067795e-01
2.053076044501775943e-01
5.413638748821900659e-01
3.161805151269474479e-01
-8.748104276424784054e-01
8.587477229401347945e-01
8.001735398062561622e-01
-4.234841992193305593e-02
-6.311740190038397369e-01
-6.041468624426247214e-01
-6.331433167543829565e-01
-6.487325221083792837e-01
-5.833679739597674718e-02
-9.546344547318781348e-01
-6.069999981046740878e-01
-2.987603317442153461e-01
-7.533134084868713387e-01
6.970281371794846415e-01
-1.256703824699083594e-01
3.931097670303775882e-01
2.269811235093373014e-01
1.769715704957528501e-01
-7.198333238156418012e-02
4.711501911099593709e-01
4.555449407882241619e-01
9.196479176576817238e-01
4.649266161941154607e-01
-8.084043450367246475e-01
-6.855106028333612933e-01
-6.659613511033113387e-01
-9.721897027599317731e-01
3.712805971915207337e-01
-3.898262004154240401e-01
-8.067415628626100066e-01
-2.052638076375121745e-01
-2.821243477847743542e-01
-4.266872163894275261e-02
2.922594811908170165e-01
9.114868606436539178e-01
-6.430564369946822900e-01
-6.850075285102885658e-01
6.005370481866856291e-01
7.211491822201634427e-01
7.702184105448692808e-01
-2.040109468266493309e-02
1.257655824710299797e-01
-9.705789842795928823e-01
-4.251754200491015823e-01
8.357714000477001193e-02
3.540878189637306495e-01
-3.102515548829765102e-01
6.915841146499772663e-01
5.526624648409868001e-01
7.205705888079023680e-01
-5.629175190950559404e-01
-2.100229325351046228e-01
1.630059117703588356e-01
-7.201733041388287404e-01
4.289669795386317208e-01
2.717274969596763512e-01
-2.097394108131767076e-01
-9.875187666442057921e-01
7.149601757944152869e-01
8.298094607117174615e-01
6.262037502211552642e-01
-6.140400709498747833e-01
9.946767586572715647e-01
-3.463037980725980347e-01
9.751037456687370319e-01
-8.344310112540072044e-01
5.683608670170783306e-01
2.708702346660558646e-01
-1.665859008386922913e-01
-1.459100653492551025e-02
1.793702330912574361e-01
3.218783171129979692e-01
-5.873696167510402688e-01
6.581141984642930876e-01
-4.956285838967917634e-01
8.818832671067426965e-01
-6.116906161969850597e-01
-1.440888268334270528e-01
1.255701935238513478e-01
-1.005960375327825673e-01
1.408149869457069325e-01
-3.527860453696514131e-01
2.426606219035853940e-01
2.993574406890173734e-01
9.166352024435402424e-01
2.238142290275122459e-01
-8.619232221011294826e-01
8.718788509374164608e-01
-1.434533824361450272e-01
-7.928830090514522588e-01
-7.184559203587495002e-01
-8.535204803068108248e-02
-3.397835349299036523e-01
-6.988158657993110978e-01
5.711699169746593530e-01
7.214243884141164909e-01
8.260903748862546969e-01
-4.256048233656068991e-01
5.694200802645250636e-01
3.355896650946856852e-01
-2.502501935222258833e-01
9.018101207660476071e-01
-3.950445792427439429e-01
-2.773949038964216296e-01
-2.704333265333651592e-01
6.404389822947391675e-01
-9.128242623113256293e-01
7.441763858213461535e-01
-3.307011954338590076e-01
-9.110318822651652937e-01
-7.076482821453464744e-01
-5.238645764955613959e-01
-2.998172222568902257e-01
-3.812091584832977276e-01
-3.219228227252974861e-01
-3.552259205931744823e-01
-6.481488295600346117e-01
8.021633246354469282e-01
-1.026070173185236190e-01
-1.539313088305733768e-01
2.759513490371339195e-01
4.405112431122022443e-01
2.011342845501533638e-01
-7.520528164626187895e-01
9.202312190546806381e-01
9.513551524878538501e-03
-5.667187644635209853e-01
4.275848099506815991e-01
8.366436025327073089e-02
2.579677588026296764e-01
-5.260286766260311442e-01
9.574364690676266942e-01
-6.088878029037112505e-01
-8.366089849564604108e-01
-3.538230749908788386e-01
7.811500300976377265e-01
3.121525930768307422e-01
9.972197001965037444e-01
-9.648178362929746843e-01
5.088466180198074618e-01
3.624983568723192384e-01
-4.159449623364381843e-01
5.694154374858069190e-01
-1.022483956444819597e-02
5.213101474475818620e-01
-5.535937895996139169e-01
7.472416765174501041e-01
3.896267746841330926e-02
-6.661891921907734382e-01
-4.140575382781244151e-01
2.350332402554025091e-01
3.578408086451441150e-01
2.679532577466732235e-01
-1.344866201820384966e-01
-7.216689507770905898e-01
3.135333158309716595e-02
-5.147444050093372692e-01
6.158497473136288480e-01
2.127621950179052757e-01
-1.736423573970078404e-01
-1.127922950903634813e-01
-5.539008201241384377e-01
9.935312437686760756e-01
6.088636956741724227e-01
7.548853081482231886e-01
2.659947222585570259e-01
8.997543847107840609e-01
-4.165757655357797962e-01
-8.766996349901456931e-02
5.679559856888234393e-01
-3.457108603113925316e-01
-3.287328935629869608e-01
-4.106481533977677234e-01
8.990714342965000494e-01
6.638139096005013506e-01
-8.028943412210449715e-01
-1.739467034305592907e-01
4.975201889409019973e-01
-5.874375103054769731e-01
-8.879309083022168814e-02
-1.469382100430041138e-01
-5.535221551464524214e-01
-6.346647342521505308e-02
9.639467416075648831e-01
6.869024967202872478e-01
-1.666454846013294411e-01
-5.490751263679438665e-01
6.993826562894971399e-01
-3.444873023344632301e-01
3.342058881175411500e-01
-8.270332943927356517e-01
5.435651969130754768e-01
1.367316779195748566e-02
4.013177623790333826e-01
-7.806115113273290884e-01
-7.418994987682396847e-01
1.871457035545476266e-01
7.720078184313572400e-02
6.863141995296639930e-01
7.122221159765662613e-02
-3.637395516859875944e-01
-1.219091653461972236e-01
4.938533843992092276e-01
7.917978918720145476e-01
-5.269780994595063550e-01
6.850783514375164973e-01
-2.092783007624288150e-01
-3.467455327187263237e-02
3.169499446387309405e-01
-9.819953744369749327e-01
-2.314890177340518385e-01
3.089099762159586149e-01
4.980196378826708958e-01
-6.209427509836311643e-01
3.413237560605666410e-01
-1.310742698365792158e-01
3.494013212268571866e-01
-7.876484183240168857e-01
6.374626415571165161e-01
1.779468843919609355e-01
4.189972528062086976e-01
5.457492522292699544e-01
-3.882881626641458972e-01
-3.042706378954651569e-03
-1.520836409035581926e-01
-1.328240168655672182e-01
-7.422022007446729130e-01
4.672391616724584917e-01
-3.598425276773158377e-01
-3.163961904963665805e-01
5.780848614392635199e-01
-2.507899122015144755e-01
-9.667015109196959166e-01
-6.464358225038702166e-02
4.788740150037640309e-01
2.798752455463253686e-01
9.462233357570397629e-01
7.312323289913675861e-01
7.080749380895419165e-01
2.802066855113405364e-01
3.946663759814557082e-01
4.266403116720483002e-01
7.901263997598075850e-01
5.813489826718583053e-01
