9.903122822018992633e-01
-8.431286389609988774e-01
6.871522015650384230e-01
6.060109719972643916e-01
-3.545829197975858271e-01
9.927046774514820537e-01
6.261366187364036939e-02
-2.768704919649853657e-01
-2.849463335302493405e-01
-5.500729171642926296e-02
-5.220657966928909932e-01
4.166686413870308581e-01
-1.876562635286687097e-01
9.970101140685654340e-01
9.616631996276874261e-01
5.473247192643879711e-01
-5.778216911676599121e-01
-4.482457588863224540e-01
-6.731577678864717473e-01
-2.253434072636584240e-02
-5.780620808397376464e-01
7.621112371963958410e-01
-2.395010289905308287e-01
5.794820929165187540e-01
-2.541805278901196896e-01
-6.927531924363019566e-01
-1.408974804077907095e-01
1.622297789183488881e-01
3.593122325527970951e-01
-7.080664560922054207e-01
9.606807949381537259e-01
-1.891404936669618397e-01
-6.505783699814562393e-01
1.052877400328027235e-01
2.663896127403895253e-01
4.407775789648553655e-01
-7.063816327215872715e-01
5.254245098500427424e-01
2.820225519535535241e-02
3.265770040158400001e-01
1.731315833773796609e-01
-8.933779780656931901e-01
-4.310570200793568674e-01
-4.579940779510160986e-02
-3.417573164970344468e-01
5.447902004681146604e-01
2.499175579905565936e-01
3.374752783585173166e-01
6.615273162955925823e-01
-6.369256014618203121e-01
-2.059216188137180659e-01
-8.712270052014792210e-01
3.992165485332692665e-01
-3.108474676672232651e-01
-9.186839519754346206e-01
9.454621302682129080e-01
-2.509803796828389277e-01
5.503118491251812738e-01
5.669555725038799565e-03
-1.233365121404228493e-01
-2.233652101112344468e-01
7.664429073824299277e-01
7.371100969847821371e-01
4.969706744450297364e-03
-1.511046975255718738e-01
-1.537722751696786183e-01
-2.284493700554997009e-01
6.231594541953275890e-01
-4.061236661972187356e-01
-6.670242714020528929e-01
-1.155859016711981990e-01
-1.019633550275178546e-01
6.047977748680066767e-01
-3.099137145035524288e-01
6.764057704127293125e-01
-2.712249244347304522e-01
-3.463997006224728281e-01
-3.830102514491464660e-01
-9.873184180910397068e-01
-8.894911277634911517e-01
9.607288418827821808e-01
-7.326020081521988914e-01
2.140567236487840308e-01
-2.564315653867337286e-01
-5.919818567449155466e-01
-7.121602627954084497e-01
-3.547208773818182337e-01
6.157794590565093262e-01
-7.668862880413129801e-02
-8.432513156010854605e-01
-2.063857118812935099e-01
8.436145878524725639e-02
-2.520288120797229414e-01
-6.185259641901250660e-01
-7.915324011348863209e-01
8.978237056651789949e-01
-6.052661525324185554e-01
-4.139767641390790232e-02
-1.870622698371287029e-01
3.694993697133774901e-03
4.716496462446519988e-01
-3.313561355146004139e-01
-5.291270066639890413e-01
-2.000673528013567903e-01
9.749865316461325815e-01
5.915740733071559454e-01
6.370888073143603503e-01
4.650916498596122661e-01
-6.083805494544962666e-01
1.842828219362027120e-01
-8.072663917477820306e-01
-1.151325755719336819e-01
-9.561266281323190785e-01
7.149936785383921301e-01
9.161691066730450750e-01
-7.301482379452872706e-01
9.135290917145071354e-01
-3.122824002297508450e-02
8.341372268572029292e-01
-7.438757931593076300e-01
-6.622050513402708560e-01
2.826063818251789428e-03
-8.949620986028377079e-01
-3.916712754890014914e-01
-8.637593234190739100e-01
-9.327654109182970110e-01
-6.390232563622668671e-01
-2.638173033956505709e-01
6.783387546439361149e-01
-2.150270217470962031e-02
9.661396591896933561e-01
-5.345726971969972929e-01
3.968317591351773199e-01
-3.853771128132694734e-01
-7.430785479771138125e-01
5.098076515863363412e-01
-2.680998922591968370e-01
-3.004998543373860187e-01
-5.369953241879734662e-01
3.882340757453388580e-01
2.065973139811310144e-01
2.902664404047641256e-01
-1.128224566378184246e-01
8.250945407376870655e-01
7.634223361355656490e-01
8.376635866168791189e-02
-5.770600431792924923e-01
-7.871674891280588948e-01
-3.666942627802138865e-02
2.240758635474240368e-01
9.394371196655939560e-01
6.174506341220031835e-02
-6.368042646242060290e-01
4.483324050410180117e-01
5.177358863567333991e-01
6.743767476091906410e-01
-3.223624138211831358e-01
5.836886137454735390e-01
6.014881153169135963e-01
8.695531150171931234e-01
5.531607051066238512e-01
8.600919803325532964e-01
-8.284351225101012073e-01
-4.000164269871264722e-03
7.824309058621010671e-01
-8.657772717747835856e-02
-9.075749694377210908e-01
-3.450071289951819331e-01
-6.010168770032486840e-02
1.400539156822839804e-01
-1.587186827150273150e-01
-1.461982937385952752e-02
2.954225196217366012e-01
-9.285790848280901510e-01
2.702342071079164576e-01
-1.952580315148686463e-01
6.482201933454048159e-01
-4.754448643704811683e-01
-1.888803997789041400e-01
-8.361075519625660313e-02
9.918673539178628484e-01
2.898487550419737158e-01
2.249896746892923183e-01
2.712229856214585233e-01
7.451835266219160037e-01
4.819372708584757081e-01
-5.033339798030256329e-01
-8.131928262025138743e-01
-2.999505741754893151e-03
2.760454276477919411e-01
-5.471042265818879535e-01
-9.433132407420063981e-01
2.728248389541469976e-01
8.292455471519089016e-02
2.252057841973043040e-02
-8.584493127163470572e-01
-5.768936796442538650e-01
8.578874378303633641e-01
2.670829640289524853e-01
-3.347036019786961969e-01
-2.667291177990349649e-01
9.875036069425320306e-01
6.838447290740623519e-01
-5.890862580891751410e-01
-9.433352851941911865e-04
-5.651432410569932063e-01
-2.170295168353513215e-01
-8.671443190756065178e-01
5.464424208916445203e-01
5.388026151561096100e-01
-3.704284153260983814e-01
-1.420465813899176588e-01
5.331304141146679942e-01
3.549571332753913566e-01
9.060907117471754812e-01
-1.584800647473909585e-01
1.986485790305736465e-01
3.313605151149314754e-01
-6.974584779128749634e-01
-6.006707213128810174e-01
-2.948153791700665050e-01
3.346562414817040310e-01
1.929421497717949130e-01
2.524696337441618699e-01
1.019647800934759818e-01
-1.172059635844635572e-02
2.432620891333405755e-01
-3.127759456172776176e-01
5.789055188228131588e-01
2.178791665780321907e-01
9.492428890230297789e-02
-2.597590089861601115e-02
7.816819824543401740e-01
7.492501544224263732e-01
4.760258000283954516e-01
-4.508229163312387211e-01
4.180635984535079341e-01
-5.067059752714104803e-01
-2.517540992643378939e-01
-9.710572633077196869e-01
5.413301821308973416e-01
-4.392515002415520176e-01
8.285254325508306650e-03
7.714073322247163578e-01
4.374237673340886090e-02
1.932217450644395651e-01
1.715140514391990667e-01
-9.689649678255778387e-01
-4.709080025241634271e-01
5.319301896524115669e-01
9.851811789014190968e-01
-5.358476435817647321e-01
2.259911106655170254e-01
4.290333071462197889e-01
5.040817167717424052e-01
-6.057788585782473145e-01
-2.034855220922955343e-01
4.348538159744581577e-01
1.262376446792607965e-01
9.983503882271043128e-01
-8.817881523333002125e-01
3.557241202515066814e-01
-4.539449396682884164e-01
-3.142451944047230938e-02
5.338595439905615692e-01
