1.558872951650145389e-01
-1.385588965073731860e-01
-3.296416432486357628e-01
7.165286798670835733e-01
6.673337485329811081e-02
-9.350302141168533865e-01
-6.455220505880430171e-01
-7.541440592406265520e-01
1.034110651279125381e-01
-5.254327036696786468e-01
-9.818869242342476156e-01
1.321367617473889755e-01
-9.243952718086678733e-01
-6.388059369217513606e-01
1.959192423813469475e-01
-2.536588980556109263e-01
6.806795795977440555e-01
6.848825846394777095e-01
2.649344560767428192e-01
-1.098244242033612483e-01
-3.105180541529239946e-01
-3.477729237914894966e-03
6.421539664384678936e-02
4.803335471441083637e-01
-9.526797146016019457e-01
2.531734469301512025e-01
-9.774779301030656065e-01
-6.909004506832647774e-01
2.374917936457470180e-01
-1.985160968705019791e-01
-7.583528433959327852e-01
-6.577851237375189619e-01
-1.572213542249030205e-01
-5.575641107109756689e-01
9.394270323393283384e-01
6.688582234598234866e-01
-2.412294394196137226e-01
2.043027712409426488e-01
2.054618466164579438e-01
3.146728651704817636e-01
-4.748986103354546628e-01
-1.946795681961861479e-01
-2.251290298630257425e-01
7.580861651072949847e-01
-4.304414214801197680e-01
-4.679748903404663540e-01
-5.244986940401965558e-01
5.344077090771917060e-01
5.140449419089354599e-01
1.927788645167587411e-01
-9.964106961653327321e-01
4.708022713763979628e-01
-8.949377290288655917e-01
-1.872183722938125516e-01
-4.074109542363129055e-01
-4.960672707945694704e-01
6.736778995854297847e-01
7.394707334241146235e-01
3.658308271430890102e-01
1.094118164203303767e-01
9.311207156229988069e-01
1.919147014518884919e-01
2.809125032117707477e-01
-5.224168162637341517e-01
4.772580310263556669e-01
3.782972696663484680e-01
-5.237512089895934864e-02
2.848022918450172636e-01
7.879177550888765147e-01
-2.724153311965473723e-01
-8.794002724765488388e-01
5.586548991318254220e-01
9.344964600221161710e-02
2.358827047352436423e-01
7.660262016590682066e-01
-1.276543877485392109e-02
-2.514632875998463746e-01
-7.127404981948592955e-01
-2.881558652635465290e-01
-1.641055459511409076e-01
-4.055405667815734638e-01
-4.922710747466585435e-01
4.232739643703151700e-01
-3.210163769290350633e-01
3.057013905725072256e-01
-2.895726840134833502e-01
-6.474237595650575994e-01
3.760419274004818124e-01
8.364635719289847948e-02
-9.518016617416336089e-02
4.242716308027609795e-01
-3.450302200242665318e-01
-8.728220554945369525e-01
3.910300168476430471e-01
8.635362673640045728e-02
4.108665435279146294e-01
3.184063559698084855e-01
4.339589471062033077e-01
-7.615389749493592930e-01
1.319614988177379988e-01
-6.286140931359021078e-01
1.039042857353547067e-01
4.898616873840240249e-01
7.104058862073547864e-01
2.708906524051037934e-01
-8.306078133000205366e-01
2.525751115830667803e-01
9.361702313167123979e-01
5.548331908353107966e-01
8.334465926609286868e-01
-1.373108849226178929e-01
2.761496859201493237e-01
9.507245323452566677e-01
-4.607623417420994016e-01
2.139999640788832203e-01
7.151944612370133569e-01
-8.661284639820268083e-01
3.729946985120651259e-01
-8.975561788913717365e-01
-9.274992183392705147e-01
7.307168298239719029e-02
2.008459158517794663e-01
9.581024731113831905e-01
-2.114625209209028966e-01
-5.653718334039661286e-01
3.657883564636827955e-01
-6.595109761704054385e-01
5.962698832536876825e-01
-3.806158718552978826e-01
-1.695946366001463979e-01
-6.798307005600445763e-01
5.320442931255469077e-01
-8.994577769045359883e-01
-3.080079949615952550e-01
-8.827090629989520210e-01
1.518411032888604684e-01
7.817855459740061796e-01
-5.286883644982731667e-02
-2.222326146356912169e-02
2.432457614075422825e-01
6.411776036225882436e-01
1.155084994647797014e-01
7.263498181569665313e-01
8.343558148112670825e-01
2.756938666191639520e-01
6.909381420675995145e-01
8.283292227058778323e-01
-9.829638223170786837e-01
-2.053196171323179442e-02
9.086298354265169852e-01
-6.393778239580591993e-01
-7.330298231035410339e-01
-4.799248514652048048e-01
2.277003583015857480e-01
-9.403082264345068442e-01
-1.414548933169152978e-01
9.592536573035290726e-01
4.941582834489326448e-01
8.091496097716928126e-01
-2.158958501143783959e-01
5.908455249914303931e-01
4.506916396266211766e-01
5.389420934749522551e-02
-6.179713959952231050e-01
-5.451611350654177457e-01
-9.691736891718576441e-01
-4.329904905587489417e-02
-1.693317913354717152e-01
4.813705970158910219e-01
9.528960359261164914e-01
1.317022103518334930e-01
3.192361330067874370e-01
5.960921133082239809e-01
-1.931383467791452091e-01
7.266705050316950576e-01
7.024010433026357525e-01
-7.521047033591179432e-01
3.932956313965130235e-02
2.092312544940364560e-01
7.624892385357069369e-01
6.827957465906264733e-01
7.857593106960769624e-02
-9.672068276698995160e-01
-7.495020160560832423e-01
-4.203932727899510891e-01
2.740811700977698884e-01
4.615320751564158108e-01
6.837531150470477215e-03
4.399833481317101391e-01
3.288720846380186469e-01
-1.209650886670403658e-01
8.936739962369819601e-01
5.783194789018257786e-01
1.770110816724268510e-01
4.077606302008394135e-01
-6.997330198632898401e-01
-3.585884483494361508e-01
1.725888778507493893e-01
7.814310675591595867e-01
6.268914838930543798e-01
6.621577848072848216e-01
8.735384450569456671e-01
5.555280444452046495e-01
-3.599239665081859219e-01
7.633488190330937062e-01
5.087559385432567360e-01
7.144242681560861730e-01
6.586037034809488766e-02
-8.799016289478744923e-02
5.792496786106025031e-01
6.447499741227522563e-01
5.796409059888834037e-01
-5.394817764043666752e-01
-7.776977874550228265e-01
-4.929204049100597285e-01
-8.171179793008709336e-01
-9.550321729978550334e-01
7.010524749547881740e-01
-3.335324733261968433e-01
7.074097192671697787e-01
-2.061586043379579625e-01
-3.633810094412450731e-01
5.840243868250156734e-01
6.961070704798879571e-01
9.264052328068717035e-01
-6.404792603535207629e-01
1.512797850483627027e-01
-8.653574047406669134e-01
8.449509917982576113e-01
-5.201056963199761629e-01
-2.331083244238452146e-01
9.392973392397059307e-01
7.866464212833690350e-01
7.443021288106992372e-01
-9.357305016984969193e-01
6.741750918729125797e-01
-7.582662639267316873e-01
-3.990591496418463002e-01
3.904755467204634733e-01
3.444813760188687457e-01
-6.242961203559407313e-01
6.984909783786206194e-01
8.297881224352265939e-02
7.791292574895078982e-01
1.480192145692880157e-01
2.042102328484052265e-02
3.558617539059634183e-01
-3.101487677394447751e-01
4.640945636990012613e-01
-1.158834578328147291e-01
-4.928535774694973171e-01
4.091750894565817642e-01
8.775749140946587090e-01
2.950091844760176496e-01
3.023503368127617996e-01
3.481181060673641525e-01
-9.140375220755574404e-01
2.990242662311932698e-01
-1.633575449049713413e-01
6.840939306013071874e-01
-6.107630246125184126e-01
-4.634192596011099674e-01
-4.797700364793866523e-01
9.695227004497724010e-01
5.479488504992633402e-01
