1.826776210895213470e-01
5.211741782430630021e-01
8.128245477291875520e-01
-8.855695260917884060e-01
-8.789826019428246262e-01
-8.601005197884270537e-02
-5.097683565695612096e-01
1.469821280051952783e-01
-2.352029626901201986e-01
-5.405448323154817825e-01
7.998970138939056618e-01
-9.337048763627353587e-02
1.515202596338807162e-01
-3.379124658358194644e-01
-5.937962102678906451e-01
-2.913407423172369448e-01
-2.398281698375503979e-01
-8.623308565095151312e-01
-1.943143469583024086e-01
-3.259003384973788719e-01
-8.020656493205835513e-01
-1.581933503071744074e-01
-7.359688721656241217e-01
8.973755744342555296e-01
9.966714960583211713e-02
-6.265389299002894763e-01
-3.375230136487239463e-01
1.999881126630089767e-01
-4.937643075322428743e-02
7.831046383757800378e-02
8.658593385162289824e-01
-7.771244389937621566e-01
8.935783440968709801e-01
8.573159237320315817e-02
-9.957364879357899490e-01
6.290739300076131357e-02
-4.271759438605213788e-01
-8.677234586598325805e-01
3.653904824567970611e-01
9.629921394050349193e-01
3.356957361377703730e-01
-3.476283160472009026e-01
7.618321653110695646e-01
3.724184458609312021e-01
-2.752266020598415075e-01
-4.437451648528563108e-01
1.467448928757069115e-01
-6.626270671349141494e-01
9.147815298748784851e-01
-1.408094246838276220e-02
-7.336530000944252450e-03
-6.611450982020792289e-01
4.549192689819971935e-01
-2.504468445185119574e-01
-6.601505957484654630e-03
-1.298439086527047870e-02
3.611378788430217313e-01
9.206447299927629224e-01
-7.629639947653821253e-01
8.119430459563405922e-01
-9.028197414631404794e-01
4.919127392265667531e-01
4.232089583766089902e-01
-7.284944323586344250e-01
-7.337044543022159804e-01
-9.107227898157645996e-01
9.122149146040667844e-01
4.782617377588123109e-01
8.263042952596511004e-01
2.504804452555329242e-01
-3.819521573410145088e-01
2.136337004245110194e-01
9.376180521694288394e-01
7.250941791144318582e-01
9.796603430612695895e-01
3.136496107885053952e-01
-3.129668482529890383e-01
-6.526472357651218470e-01
4.811595146419478386e-01
2.388740476628286036e-01
1.674367429594263434e-01
-6.469636140264514168e-01
3.977612075538419223e-01
-2.800465203419464366e-01
9.378309679392828890e-01
-4.285903950405660634e-01
9.368208042165626637e-01
-3.828066844612176833e-01
-1.322526401685144570e-01
1.424373056655607872e-01
5.384071300864099463e-01
-4.201823240294033646e-02
7.367906472090119951e-01
5.978149738842297722e-01
2.972342866606749734e-01
4.662843803729255221e-01
3.094753854482563682e-01
-3.673400069379326727e-01
7.381838968917391330e-01
-4.466720487304316478e-01
3.002613759462715581e-01
8.468284131233125844e-01
1.168655556671398532e-01
6.641717205533659296e-02
-1.618616880537724345e-01
6.871284642827644173e-01
9.770532248446328616e-02
-6.041378906126813053e-01
-6.423369898629651686e-01
-1.471081299737098114e-02
-6.247780638882542981e-01
6.492971973930330432e-01
-2.507925787878670931e-01
-1.841417207980928783e-01
4.426821033583736575e-01
2.228297613522951526e-01
-1.051155842600617341e-01
8.877158220649705722e-01
-5.878397064665976668e-01
-9.356092493330552262e-01
-7.578139054025425647e-01
-2.384141132157411302e-01
5.974421948385217895e-01
7.098111343755677538e-01
-5.358026391184218529e-01
-1.678859879199556815e-01
8.701820529436676832e-01
-1.744578467553519197e-01
5.146708979576075649e-01
7.567381845763643256e-02
-9.173935029887005932e-01
1.200703950476644799e-02
-2.159375604699387274e-02
-3.245667194322954252e-02
-2.461123607586126472e-01
-1.040602674012380824e-02
-2.685311174863240780e-01
7.574090670413176074e-01
1.604846227594465269e-01
1.418360251826691343e-01
-1.529565445989782280e-01
-1.141724748784846977e-01
8.180762043048073195e-02
-6.204209469129746690e-01
-4.631046100902969087e-01
-4.411332748223819600e-01
-2.231683860611328729e-01
6.487269298908897586e-01
7.857252843762430050e-01
5.826563360042384954e-01
6.421554586986750746e-01
-1.775835418248461473e-01
-9.059361213266177160e-01
-7.174405608308098703e-01
7.200841461272340371e-01
-1.126232044585193659e-01
-1.228710345073169563e-01
-6.733711209287354116e-01
-8.659931184111586688e-01
-2.896091615344953407e-01
-8.668226448665081740e-01
1.721569527607147432e-01
1.505077172915165740e-01
3.755778621973144826e-01
5.799224910062461547e-02
-5.291254833683780578e-01
6.022496981256868498e-01
-4.729274057436398948e-01
-5.028926406054161635e-01
1.263043665979233232e-01
8.555669471953863958e-01
-5.314742033043600156e-01
1.303672888664004770e-01
-8.531077893619083419e-01
5.180901338194261463e-01
5.722510200602615171e-01
7.374477260414820101e-01
2.775361875883226581e-01
-6.655876353954930380e-01
-8.538586208140599432e-01
-1.977497028002503932e-01
7.896205565147009775e-01
-2.313672737948186953e-01
9.280585664041114402e-01
-7.649194390063698279e-01
-6.809720523383289148e-01
3.800791737986906060e-01
9.308544320440896858e-01
-2.071393891971025081e-01
-6.617213043457670363e-01
-1.405088075170881634e-01
3.167860739121619584e-01
4.320726964848371487e-01
4.297026811959312464e-01
-4.312160824028610229e-01
-9.781941461870968801e-02
5.259893085105684651e-01
3.680866172984380569e-01
7.903563284457859606e-01
9.389281313433472942e-01
1.691932297914533478e-02
-7.098155322289090297e-01
3.684003063779661691e-01
-7.179465102731663606e-01
-5.600642069163761505e-01
3.331425385198123479e-01
-8.343895306282700375e-01
-4.934166508914517024e-01
-6.338544218952006926e-01
-5.304735683014361047e-01
-3.997833641046160125e-01
-4.303814863202439778e-01
7.255137542572875908e-01
8.057519824350247717e-01
-5.404765943923486304e-01
-4.925116108683049720e-01
9.889723568281914012e-01
-7.145815679705902479e-01
-4.474807481370548512e-01
8.351586226864271545e-02
-1.993122923081740439e-01
-6.128075224204607707e-01
-7.261992571378999006e-01
-8.214343383891702377e-01
-9.779100408767322783e-01
-8.396336624211542254e-01
-8.617263311554770322e-01
6.997785749126532728e-01
8.314845946540079247e-01
9.599468090461542591e-01
8.531943151592980001e-01
3.391804056937366418e-01
2.947553314291839754e-02
-7.005662998840997968e-01
-8.861814956777533947e-01
3.301944883219130045e-01
-4.932816718595733896e-02
2.596643102111881873e-01
6.351609261746271606e-01
-7.617236264100983867e-01
5.457206425606089262e-01
4.276020154358226577e-01
-1.022009565910519946e-02
-3.308877524640114753e-01
2.284493364483397571e-01
3.357385050158319117e-01
-7.624622259975755156e-01
5.274679191911624265e-02
2.903704845526682288e-01
8.827726890484717259e-01
7.478795620462670435e-01
5.386956021791606819e-01
5.291146673460567218e-01
4.613614858588876988e-01
-9.911578456675702586e-01
-6.442167866259196352e-02
5.393609079518644212e-01
9.486064949622854403e-01
4.885768076278120819e-01
9.756358185272027139e-01
-4.881362457115139275e-01
9.617828261275214174e-01
8.085188867604315988e-01
-3.157539485810056945e-01
6.707787375042932876e-01
