-7.987565365741093881e-01
8.909799957785373703e-01
4.075778780633467768e-01
-3.832054799496766861e-01
2.408619803874065823e-01
9.856339158109630461e-01
3.436340362382224178e-01
9.688471839678138853e-01
-1.937203403457339324e-01
2.621006134617356320e-01
4.548938789438301544e-01
4.149539303830949155e-01
4.459484770756196870e-01
-8.306148336426313339e-01
-5.106452745018239536e-01
-2.361753598333782289e-01
7.420475173023706184e-01
8.216583231437768475e-01
7.407465353257463025e-01
-8.543929080287717692e-01
-6.293421964716436889e-01
4.544858044526431939e-01
9.061196712401349274e-01
-2.475531567631152896e-01
-4.466133415313302546e-01
-2.047448703347665155e-01
-3.071607870308394883e-01
-9.407648975110938228e-01
9.054491233536954287e-01
4.135523219130008421e-01
5.694881515343117595e-01
6.634761040813683675e-01
7.435530827214442695e-01
5.623897535595223651e-02
-1.115952123274206453e-01
-3.138562254761259052e-01
6.018857344863211001e-01
8.955387240630237056e-01
-3.913833417085128552e-01
3.447352041522355748e-01
4.722487712306169261e-01
-5.476783346167140021e-01
-9.203308839092105842e-01
-5.077286849712425720e-03
8.793374600787777773e-01
8.657337282847565874e-02
5.266775851963207966e-01
5.945139091472537718e-01
-8.829110540619242720e-01
9.572133169821952503e-01
-4.017571077802379875e-01
-2.388294309063947463e-01
-9.456814286754822163e-02
-3.493954102801848371e-01
6.169974858489517544e-01
3.499823036392268882e-01
9.736099980402481702e-01
2.988165512079998809e-01
4.383193583542113192e-01
-4.251224508139199720e-01
8.711134025402103020e-01
-5.707647086067479947e-01
7.955721431135547306e-01
-2.241857256563544176e-01
-9.949608223061872092e-01
-3.993961654470332689e-01
1.764941505494621588e-01
-4.420022261625753401e-01
-6.941767824133198150e-01
-9.784624961029413370e-01
-7.170975551880041099e-01
-8.853230199259602973e-01
-5.028201180470470710e-02
-1.470524892746247758e-01
-5.947693396550479683e-01
-2.792036787216793936e-01
-3.826722601686460834e-01
6.195363029937972499e-01
5.389723024691532860e-01
1.374238449665630135e-01
-1.853292630434417720e-01
3.538405172057670356e-01
7.728170943990568809e-01
-1.274360242540879540e-01
3.060597626374492730e-01
-2.908512673968384199e-01
-3.647664015850571317e-02
-8.318587218212869505e-01
-2.489093680970093647e-01
-6.879361540368236216e-01
9.117143580476969600e-01
-8.353266004314423565e-01
3.930509659572765102e-01
6.602051373460156025e-01
2.098189183181433659e-01
9.948691869396419918e-01
-1.428062653586268382e-01
4.717687291656003090e-02
-3.411653248595025723e-01
5.169933363968679529e-01
9.286041517689795910e-01
6.316083849622051716e-01
1.196523487058578361e-01
-7.537437754577072102e-01
2.615997461217927089e-01
-2.597367049531238425e-01
5.095183306748141128e-02
4.318476293889972339e-01
9.833180277948940784e-01
-8.995224571383375611e-01
1.749040053808503803e-01
-5.067466420113277970e-01
8.718819508646067362e-01
7.502696072469294819e-02
-1.028035116569281371e-02
2.918503190346248832e-01
-9.333001421293121158e-01
8.454272231205659516e-01
-6.192901508275894251e-02
2.751257725224118822e-01
-4.535922315127363103e-01
-3.836725071448618962e-01
-4.608189142882623823e-01
9.137068682994167190e-01
8.991213451731101536e-01
1.161426277556485420e-01
-2.376125026385904615e-01
-7.738402528204022524e-01
6.672800031673815635e-01
8.814662467445422145e-02
1.479800023613571103e-01
-2.042858123164141837e-01
-1.682091614429903625e-01
6.096479458762882331e-02
4.504800104150439299e-01
3.496815812251983235e-01
-5.050946952795187794e-01
9.775830197973165436e-01
-2.594577461288616327e-02
-1.180903482867967647e-02
8.083346213527469182e-01
-5.139258734543723506e-01
8.343333246384343482e-01
-7.447522060281099865e-01
6.774489397883369790e-01
-6.999661999072526175e-01
-5.663230120252560340e-02
-8.959075472523216899e-01
2.507652753968740988e-01
-3.228748200060804763e-03
9.651303374920359168e-01
-8.450246861840655654e-01
5.005180886128117734e-01
5.738204962680120147e-01
-4.014770123306141691e-01
3.324845148383823723e-01
-5.142377888912443851e-01
-1.979526729738894097e-01
4.149410676615412630e-01
-6.461014449746180777e-01
7.737210199639112940e-01
-8.092090123100530441e-01
3.039605056505243486e-01
2.553802652454750799e-03
-7.419561851912248596e-01
3.423580095193248241e-01
1.397795362485108051e-01
5.392271929203005243e-01
-5.934797339278137240e-01
7.983186572352607424e-01
8.158436732149387804e-01
6.654399374527837363e-01
4.586026822893729538e-01
-5.077604477260826421e-01
-2.550777548072555856e-01
7.040943328928859213e-01
3.915383308276856322e-01
6.334320042828467390e-01
-4.947526768359578053e-01
4.877180970280381445e-01
1.173064136217325526e-01
8.385907965389851615e-01
7.333968494980247499e-01
-6.579033060435872660e-01
4.044180999962903034e-01
-8.680768243942635909e-01
-1.325555483420066682e-01
-7.567381408067073156e-01
-6.599036191139007190e-01
-4.980613763138042049e-01
5.115571786279891064e-01
-5.085740025091691763e-01
-3.340304199574009036e-01
-7.867675690911961617e-01
-4.515026156113890465e-01
6.887180830906960427e-01
7.577023641050388836e-01
-5.212532473304625213e-01
2.431655022930210297e-01
3.898537367084611294e-01
5.281807546337278225e-01
-6.167550370895793499e-01
-7.534578455406180097e-01
4.802805867635899784e-01
-8.809774280402771218e-02
3.756286225990426164e-01
8.147750952629650989e-01
-5.547656343180269456e-01
-5.885636389133528379e-01
-8.810984839555771053e-01
1.754624649590530439e-01
-5.890300576525548948e-01
-8.320835571385925000e-01
3.720006640801483133e-01
4.498071201777260608e-01
-1.303687007993235003e-01
-9.904327885441313040e-01
-3.664779812984035878e-01
9.934977173350025836e-01
8.477668981939496806e-01
-8.686601095375889869e-01
5.626888053457583805e-01
7.370936717503051572e-01
-6.653323919907214723e-01
-5.632600980353479336e-01
5.095403977719441535e-01
9.191722438345752977e-01
9.988759368619268830e-01
-7.847217320894306347e-02
9.215014397445544514e-01
7.767626482270717503e-02
-6.497902064825296087e-01
2.489445547451754059e-01
2.524617724360542770e-01
-6.548840736331931200e-01
-8.835897450130680841e-01
6.687233614168386353e-01
-5.230684264853264764e-01
4.655562063345044521e-01
9.455907446743387901e-01
1.720008613770604988e-01
5.968207868786286063e-01
-5.095570361774910406e-01
-7.390913276893349426e-01
6.486336574804705268e-01
-8.280721220748541445e-01
1.017084667708059165e-01
6.914872046828373087e-01
8.177078514413893551e-02
4.377269586150971392e-01
-6.712199144362407388e-01
-9.892046150834037377e-01
3.956921659522611989e-01
3.136450393650658253e-01
2.613318977211664951e-02
2.785976890177472853e-01
2.310536931807289918e-01
6.795378678632717495e-01
8.538628895062780888e-01
-7.022616118997702106e-01
4.518383636550638016e-01
-3.443845769722215788e-01
6.296498549599438554e-01
6.035447004016138983e-01
1.820400672260311659e-01
