-4.777490908169974571e-01
3.729917052776630104e-01
-7.110416947333124682e-01
7.435565166222812827e-02
-3.195227867415078027e-01
9.842164283366514610e-01
6.990393795885982975e-01
5.941162871235374787e-01
6.171135614614406961e-01
1.047546922394269053e-01
6.241946738928318972e-01
-3.977108429167346415e-01
-3.083063933709000448e-01
-9.440917991495181294e-01
7.575490301578025054e-01
-5.168426883448871134e-01
-1.723095315548350825e-01
8.894826531801993674e-01
2.327725449119371071e-01
-9.232924521712908561e-01
-4.752022206373511803e-01
-1.910282142638359826e-01
-1.618461347649702287e-01
-1.642701623021536328e-02
6.380151679610142068e-01
3.463701366228919554e-01
-5.465748933099749962e-01
-6.441528836997034713e-01
8.440175290631479754e-02
-7.767122438908384829e-01
6.995238120380165014e-03
-6.236788789052698512e-01
6.057144144071722192e-01
3.950077265133487003e-01
-3.486277805467921098e-01
-7.240730543766051852e-01
-1.201103229753097690e-01
-9.107533090865600478e-01
-8.854930505227851523e-01
-5.360370654485808739e-01
-2.122943360827187487e-01
3.403880760950104278e-01
3.920380529580214102e-01
5.875101653384930955e-01
3.963324416857714194e-01
-3.538823979829166522e-01
4.567704353693198271e-01
-3.412093102020150592e-01
-2.712997604782274585e-01
9.623396452532295697e-01
2.188781092817904117e-01
2.054387269593203058e-01
-4.542746059569364725e-01
6.869493391130485627e-01
-6.211821716230336854e-01
4.211276064213309578e-01
7.684245755868830408e-01
-5.562370762469661667e-01
7.131993622517878162e-01
-4.862160448759775822e-01
-8.561366330634145871e-01
4.422011264601966030e-01
9.529252299906054713e-01
9.202125828770566507e-01
-1.631817601025691289e-01
6.431259900853716349e-01
3.648401960116713916e-01
7.136215182188956341e-01
9.674668864831685866e-01
7.528534175891599123e-01
6.273556410644465231e-01
4.851724272946060790e-01
-8.096500215993969185e-01
-9.553679052862098509e-01
-2.695431383163895411e-01
5.534096586868519907e-02
-2.424411979226772651e-01
-7.510444278252323969e-01
1.321544935061962356e-01
9.317698540354197867e-01
-1.900838042965811159e-01
4.123349441477417443e-01
6.825417542434801810e-01
-2.986281202742155916e-01
-6.124823885814003610e-01
-5.814274671791588300e-01
6.326593395587045698e-01
-8.839899088196139232e-01
-9.345839872575925078e-01
7.103764808318613344e-01
-8.600549263472443418e-01
-4.925775961346128273e-01
6.760474550132882232e-01
-5.881571772105038676e-01
6.149466312472098295e-01
2.241132699146273222e-01
7.137087651032723024e-01
-4.604860227604801182e-02
-4.849618246707674274e-01
-8.611500753629648397e-01
8.361314526668541802e-01
3.069015888013328919e-01
-8.411164149182550620e-01
-1.734149063502998800e-02
6.133421649405661480e-01
9.529198058639949398e-01
-6.598437265124266204e-01
-4.531574707924777012e-01
-4.400115701559206283e-01
9.872514399388170325e-01
9.096060279323865405e-01
4.424225112859532238e-01
-3.937188384249459272e-01
-7.394566769662014316e-01
6.003584822339089744e-01
-6.176763327351331156e-02
6.197500648753839769e-02
3.648561625435320366e-01
8.059097046760215211e-01
4.845535833048317809e-01
-7.339205567138842312e-01
5.057837760765053758e-01
6.748011159889715227e-01
1.716989322794280071e-01
-4.343282267817343278e-01
8.520884287733898610e-02
-2.807577651695920551e-01
5.739580653962823575e-01
9.702575641018966746e-01
-7.785049227115696802e-01
1.251688835616615592e-02
-5.092194730564496563e-01
-1.247384639239002002e-01
2.544908467110404970e-01
6.616572632626613881e-01
8.097160689150100232e-01
9.077649899208612982e-01
5.301239806504232099e-01
8.457821509909353441e-01
5.429925075141508461e-01
-4.923152456238477637e-01
3.628383049786876313e-01
9.705713614399427147e-01
9.608727707841031584e-01
9.274586058434810543e-01
-1.593669396144030692e-01
9.877482248329190195e-01
5.529833273222861667e-01
-2.486286468267706606e-01
-4.014531197907134086e-01
-3.626639474018804599e-01
-2.261117967272308071e-02
2.224022409558834568e-01
3.141210977346868827e-01
-5.020681575347591963e-01
-2.731952528249868006e-01
9.374125502876928806e-02
7.568181099080226737e-01
-1.356022039855653283e-02
6.688958172810024472e-01
-7.825975917184591069e-01
3.531552871618697242e-01
8.523415760091541671e-01
8.149618153852247193e-01
9.325352747816422205e-01
-3.970842668857150759e-01
-5.049137497463347390e-01
8.962449100064833196e-01
-6.940779402163168577e-01
-6.201754015805218678e-01
1.204428474633318924e-01
5.074489042312664289e-01
-1.420469781918174412e-01
9.589790177072277100e-01
-5.235963613864789146e-01
9.660981605668053085e-01
-7.690521488539272532e-01
6.716973958175198600e-01
-5.370415259207621528e-01
9.057216176218887416e-01
6.045597565659861505e-01
8.020064918268030585e-01
5.906714276346149983e-01
-7.593798647121694501e-01
5.360464534035351836e-01
-8.120012970816392617e-01
2.865279966698419667e-01
4.840879319505697609e-01
-7.357963946820678114e-01
-4.857709978307367393e-03
-1.583718199013501859e-01
6.036940102878527448e-01
8.389816564065768478e-01
7.802965382944520023e-01
1.342152343683227222e-01
8.277463299821863352e-01
1.776081922855139439e-01
3.277621339914031928e-01
-5.895251282835278772e-01
-4.380111087997249353e-01
-8.253464351472250549e-02
8.644380074381070589e-01
2.111679134222566034e-02
8.716129280197832951e-01
9.061298670389463794e-01
-3.614102476740099767e-01
4.746727425820738144e-01
-9.902268561003630953e-01
9.896674611797935395e-01
-3.122438023241742577e-01
-8.627862663796233011e-01
4.478918810249066240e-02
5.838515191369006985e-01
5.173091199686195019e-01
5.396966140855912197e-01
-6.205497923239260416e-01
6.641520394632500768e-01
-6.862478011641726106e-02
-9.297034545382718562e-01
-9.951873768795740371e-01
-4.752657380603317883e-01
2.332394216833144629e-01
6.321115868459457054e-01
4.124332045188252582e-01
5.519923894334306524e-01
-3.505254287346089015e-01
-9.570570578380066529e-01
6.193810262794112731e-01
8.389603568707035830e-01
-9.252935146294443136e-01
8.578308783158297146e-01
-2.645525505866683780e-01
-5.618466311114955758e-03
4.211652491838007162e-01
7.856217844400539274e-01
-8.518950909642402092e-01
9.431294144302149185e-02
9.300775738138775672e-01
6.599262225721700403e-01
9.423172695605541715e-01
-8.685739654611275284e-01
9.980901027495645561e-01
4.107493020443309106e-01
3.415148535821668219e-01
-6.461309468666565081e-01
1.595903190312615294e-01
-1.799474878222555585e-01
5.761317829799210699e-01
1.863083689383973063e-01
-2.540271404824163692e-01
7.222481477723530219e-01
-7.178517515842184338e-01
3.193523921457743775e-01
2.886660559752050048e-01
-1.506347536861081249e-01
8.150551451654712842e-01
2.840775707822493779e-01
8.554241869272185550e-01
6.011849639711899229e-01
8.593764491129600724e-01
-9.774067648287323440e-01
-6.079167764286355080e-01
-7.989826834962738822e-01
4.308236756062668871e-01
9.128418699926978963e-01
