-6.298239134737331213e-01
-3.901119177673884053e-01
-3.295769908708461315e-01
-7.819263108881566726e-01
7.474251026305189782e-01
4.627441750499521333e-01
-3.219390261711030377e-03
-9.932340236289252111e-01
7.059481616411340532e-01
4.310058820156870141e-02
-8.924309531364975623e-01
-3.820311377174359091e-01
7.198493559326544222e-01
-8.119766092581941486e-01
7.955911971787463788e-01
8.782858730515354928e-01
9.363108888875215641e-01
7.691516227675740947e-01
-1.542069482927281854e-01
-7.546397314610113760e-01
-3.617588028778289111e-01
1.482222298569766394e-01
-1.568270187828195716e-01
1.149319295451656231e-02
-6.142081435460633454e-01
-4.446736160776727509e-01
-8.632682099131894216e-01
-6.445449540745318284e-01
-8.469022471505929239e-01
2.083983978782333324e-01
8.099655569058825666e-01
8.913152039667893156e-02
4.360936703103330814e-01
6.501552284898708400e-01
8.811344158930398685e-01
-5.841942690143038242e-01
7.451526047217571502e-01
-3.083130792453496749e-01
5.058745633701271505e-01
9.065562405068579022e-01
-1.057853722872550417e-01
1.867889852328756817e-01
-2.624225082464759495e-01
5.797095099750373404e-01
-8.553114813799065352e-01
8.865760210786153284e-01
4.920741882501562525e-01
5.607548080738713470e-01
-2.096979845046751390e-01
-4.856646797975474605e-01
-3.359021345275969850e-02
-3.127276594531211984e-01
-4.780824078342102990e-01
-2.319745215718205245e-03
7.067789608040997429e-02
3.885481993673638446e-01
5.048309947168467815e-01
-4.718535450904517425e-01
9.489925294644374620e-01
6.262698131559394366e-01
9.981681703302021091e-01
9.086998973384063927e-01
-4.736028426868497121e-01
-3.155500608491172976e-01
1.744109324283404927e-01
7.736294042420648331e-01
9.030113981455356598e-01
9.125365474206095229e-01
7.931229148715319699e-01
6.033820318641558433e-01
7.993651032886801566e-01
-9.430147100697705564e-01
-8.736072201477507182e-01
8.679004210003433695e-01
-9.594928789043060124e-01
-8.578536224861488257e-02
6.851682045113733910e-01
-8.298357910214650968e-01
4.382710691456166430e-01
5.354036848633887402e-01
-5.110690414505512091e-01
-1.229704003304910032e-04
7.602568499106361344e-01
6.965174965691756093e-01
7.723872122563939513e-01
9.461248743852412879e-02
-4.829389699600639130e-01
5.137144670428339666e-02
-7.960381667929505856e-01
9.190301229306989672e-01
6.050581784502306881e-02
1.507214260574922804e-01
-9.066383892152225510e-01
-4.724657578019695325e-01
-3.749724649829100365e-02
-3.302055214302865860e-01
1.224913648294285728e-01
-1.284613812412838119e-01
-8.849717421068856726e-01
2.681738052886597501e-01
6.156374200942882347e-02
5.096747239246919303e-01
2.490046933233609483e-01
4.616826655768577758e-01
-2.364956472975292545e-01
1.089732568937074042e-02
7.327286361340807908e-01
-8.763903131475863084e-01
4.274419733667444987e-02
-9.945805416829418544e-01
7.676131521652325151e-01
6.155573841394050838e-01
-5.265456951183442591e-01
8.561325403113577703e-01
3.506544355260825530e-01
6.180447318839079607e-01
3.556774766278352207e-01
-6.977193031354402830e-01
-2.848562304184809602e-01
1.552083008157187916e-01
8.341578724103186904e-01
2.971522336181284807e-01
3.555088892915838628e-01
-4.987660880993627366e-02
-8.361907738419600555e-01
-6.419517465486048735e-01
6.763565229859078709e-01
8.359562761709691259e-01
-2.299817836948867544e-01
2.123519364084738292e-01
-9.672942950469984869e-01
3.543393388547910750e-01
4.659736828215259585e-01
-4.724197783191566025e-01
2.058861383516994437e-01
-1.715512364988827088e-01
-2.815030649300052090e-01
-6.829208685789969202e-01
-3.752702793212994159e-01
-5.217511025504606437e-03
-3.734688451196865877e-01
-4.763542094217565470e-01
-3.875549866111513975e-01
7.862213393491703783e-01
-4.353118559350344086e-01
-3.641075951237500163e-01
-3.509722124539038646e-03
-9.750214601878262055e-01
-6.542510789269206928e-01
-6.354932025312172161e-01
6.375209342988210626e-01
-7.511084498319653413e-01
8.315386826288728717e-01
3.548214831807681158e-01
-2.636845526374509419e-02
-7.878507991732768279e-01
-5.668011511755386422e-01
-4.104185074939965538e-01
-4.514138991604799145e-01
4.491552767813202784e-01
8.925258723943545469e-01
5.318816613006391858e-01
3.980089586158175319e-01
-3.908607050912085157e-01
5.720386731035866923e-01
-1.515124529464355607e-01
5.622290396749036745e-01
3.608627301468865234e-01
-6.391280998136188440e-01
-5.979190690729971891e-01
6.252771513550261506e-01
-1.916710397631187224e-01
-8.496101253477743587e-01
-9.763515056935647696e-01
7.429425584076079225e-01
7.398824295779007354e-01
2.419029307602809098e-01
7.695763532244326299e-01
6.546449371643128234e-01
-5.595220286005393451e-01
-7.706197498392148848e-01
-8.764193500948940230e-01
-2.465536953855909097e-01
-1.986253562600279743e-01
7.635626575800629201e-01
-5.379577443736229814e-01
1.758983611179081308e-01
-5.509648348577407262e-01
9.053596450023670972e-01
-6.568017764476832276e-01
-6.857515864948087181e-01
-3.991325411627599795e-01
2.706406105394318917e-01
-9.845317271523224001e-02
9.414441075844084406e-01
-4.172558760906843744e-01
7.752350610230875905e-01
5.050584815318153176e-01
3.420265679571494744e-01
5.843391505067307978e-01
1.866846780927977623e-01
9.674394708071569760e-01
4.811644741568830153e-01
9.808152424763250110e-01
-4.894725093964242824e-01
6.063280075171428862e-01
-9.638682376862821588e-01
9.504104733399485472e-01
-6.790081306007984541e-01
7.366527130032292092e-01
3.550289552106056234e-02
-9.710153439931941133e-01
9.050279471830442457e-01
4.800023637076384908e-01
2.404277535661585308e-01
-7.984691382749438127e-01
1.234098799620777509e-01
5.370564963604118613e-01
-8.379094760809182585e-01
4.504081142654432490e-01
-9.493606596843497947e-01
-1.293478323316898937e-01
9.046047436467008485e-01
8.988016498028110757e-01
7.334865259507772350e-03
9.110580380925423771e-01
2.010591448941903003e-01
-4.460767693960734359e-01
-8.678783395198865769e-01
2.683699550392313338e-01
-4.615932109957432417e-01
-8.749022626173572625e-01
7.236759286847334049e-01
6.070447034619557147e-01
5.940479402409428733e-01
-3.914371058531442849e-01
1.708961177921737296e-01
9.884964855682243368e-01
9.919700736174348332e-01
-7.424859009306616908e-01
-2.036523611088574270e-01
-8.543665972333622793e-01
9.185238959225487942e-01
8.524801467455993542e-01
-1.820497128116320695e-01
2.852003854402569427e-01
1.152928408490678791e-01
1.363161297996084986e-01
-3.189321015045785135e-01
9.222542308074010986e-01
7.364040978258550307e-01
-3.602165289377179391e-03
1.939822182333257317e-01
-2.681543201506324525e-01
-6.141985642452292282e-01
3.126556813978953464e-02
-1.455840969058934675e-01
2.534986252878284052e-01
-5.908113371138479231e-01
8.561014731386031862e-01
-1.243218404207875327e-01
3.156086466853678107e-01
5.716164251169919552e-02
-1.358963593583608631e-01
9.510440285066803501e-01
