9.997025512534549740e-01
-1.821358148979868030e-01
-4.566208288345341426e-01
-7.822556192581597845e-01
4.642055350413580861e-01
7.111596918746654339e-02
-6.041122589248764108e-01
1.391892784918387083e-01
8.506585407912070629e-01
-7.294868900806485978e-01
-6.773684079910564648e-01
-5.386327521048162037e-01
-1.402291582229509004e-02
6.772953917077457753e-01
9.622350656301592586e-02
-7.423895459720253331e-01
-3.138529095328679297e-01
1.343159577084074296e-01
5.116223287905741213e-01
8.168139765682536080e-03
-5.880825748584124213e-01
3.257752046131541235e-01
9.541306332580423710e-01
5.273686177345051629e-01
-1.372534390320809816e-01
9.932835321857955702e-01
-6.149158916590315993e-01
-9.780957171493342983e-02
-1.686813564681943767e-02
-3.529094637445742144e-01
5.952829534712136272e-01
4.336691760168318588e-01
-8.935147043511149079e-02
9.678570267317105902e-01
-4.540450716986068613e-01
-1.298343857261283762e-01
-2.743339258875736597e-01
7.783384516140552378e-01
-2.174804304528354937e-01
1.300328737945670721e-01
4.446174937251328174e-01
-7.736629635321414789e-01
-6.992265839179385711e-01
-2.069605101001703584e-01
6.588099996025242877e-01
3.943119658283618101e-01
-7.203063362765074196e-01
8.381811375810555020e-01
9.684362180508945261e-01
3.982548487398074322e-02
-3.071131068516446128e-01
3.073019315991696310e-01
-7.995527440142349285e-01
-7.727853703066689395e-01
-8.734374781913825103e-01
2.216942508587407268e-01
-7.101760979353333170e-02
7.226770047544828213e-01
1.521975978261542739e-01
-7.283029017476660982e-01
-8.390645127612050835e-02
-7.103949768246555774e-01
4.039351061296974077e-01
-6.165369078929534563e-01
8.818867414962860973e-01
7.225168830041239776e-01
-7.406402595764025598e-01
2.083644231451842188e-02
8.037454566770074749e-01
3.789987017644242950e-01
3.975869002740652913e-01
-5.138811759847465854e-01
-2.965976130988789983e-02
-1.250504745594316347e-01
-2.650963628210678547e-01
6.557205502095044825e-01
3.722056395351354130e-01
-6.403520748721969191e-01
7.040185581160374184e-01
-1.046258879941119879e-02
6.744813215233462778e-01
-6.257134625366513880e-01
4.603875957490795034e-01
-3.515701268120574596e-02
8.348232539337454572e-01
6.201841903719502724e-01
-5.733572669583124615e-01
9.061751346821222963e-01
7.248508359540348778e-01
-3.101903706929605153e-01
1.699375493999450981e-01
-5.632457542009894347e-02
9.276750313036516982e-01
-2.305561949794323606e-01
3.829180597260952723e-01
-1.305912096237198394e-01
-4.456724068796040772e-01
7.420449494753995623e-01
-3.292092561470785217e-01
-8.468442922262786610e-01
-6.352676863333881485e-01
1.245149698011767114e-01
-6.971821234112274279e-01
3.608975409452961358e-01
-8.506326303232871755e-01
-5.689018484341001880e-02
-1.685227018444424019e-03
9.726693245962620971e-01
-7.709106206191529420e-01
-7.448863672831933513e-01
8.911756256097502771e-02
-1.556329812933077150e-02
8.680310786007097157e-01
9.898166604573483962e-01
-1.674206735030820958e-01
5.542129853171304799e-01
-9.566672466072876357e-01
5.786811429163756237e-01
3.551264174257349193e-01
-9.458926083535605933e-01
7.762862373472414479e-01
-1.973187674029259764e-01
5.010207417585395007e-01
2.273460700964535786e-01
-9.425733759870194017e-01
-9.801123736773149631e-01
8.781201220206305003e-01
-5.926493612459327043e-01
-7.953129546440518283e-02
-3.790646415020739735e-01
7.345480918339899468e-01
-1.105721277721620766e-01
-9.961355482216369683e-01
-6.935357064242020364e-01
-5.489933601229739502e-01
-1.797849808325471255e-01
1.651961666496921666e-01
-7.739461078557712259e-01
8.164432981351243956e-01
-3.803762271615527268e-01
-6.640448407460088909e-01
-6.159772100235074710e-01
-2.185824330421084483e-01
-5.374636114862902936e-01
-4.799141940196758327e-01
6.172682301011873651e-01
-6.165971875263676072e-01
4.860590280209102776e-01
8.893242492521575837e-01
-2.957148560836784235e-01
-6.613703173686387160e-01
-3.672849778871731807e-01
3.629509229483707244e-01
-7.611388899957221010e-01
4.049299429250929894e-01
-7.294848921243477502e-01
-7.294174632772443267e-02
9.452485470122409250e-01
-8.932151520329640881e-01
6.184359935302119471e-01
-9.108466159913337634e-01
-6.808620255911284058e-01
4.563529139314554950e-01
7.192605759038126489e-01
9.042430964920320502e-01
-9.116539672826629026e-01
-7.075357815636329484e-02
9.319320759032028167e-01
-3.718951313235767664e-01
-9.438506122266610010e-01
-5.403525969879663382e-01
4.645274237768082237e-01
-8.988280750734856106e-02
1.703760135721554825e-01
-7.836122394889850629e-01
4.376529170136078672e-01
1.145113654843521456e-01
3.217382569903786127e-01
-3.751638008044728689e-01
-2.801456453773654154e-01
3.963599183820820659e-01
-1.407522396165192813e-01
-5.542228658289236609e-01
-2.809156207917831161e-01
-1.265357667000668318e-01
-6.289764446323331537e-01
-4.813914857283441151e-01
3.383278335084789479e-01
6.023937706205590992e-01
-4.856626070028080555e-01
6.725036414643281724e-02
3.629171822798926694e-01
6.801786550714425950e-01
6.192243852557344219e-02
-5.890143883789182855e-01
-3.311211994328315811e-01
8.542766451337184819e-01
5.299505644346196309e-01
5.949496498940549660e-01
9.615061699469142908e-01
3.922465269130854804e-01
-1.756547283908966861e-01
-6.794400601421091146e-01
1.298215491767926721e-01
5.244283175740669378e-01
-9.505352530242892062e-01
1.715578067611862600e-01
-5.858708569982016279e-01
-7.175246111022892670e-02
4.417228387707452519e-01
1.357536276808399833e-01
-5.588116963133860082e-02
1.300248193067508051e-01
1.934610073303135724e-01
7.353500873121789905e-01
-4.242887582664343071e-01
-3.658087164595777985e-01
1.737055960885718342e-01
7.459695121030978093e-01
9.566561763314314071e-01
7.815160637382589925e-01
5.543745730250404513e-02
8.712707446982905779e-01
-1.743477130086448224e-01
-9.056935995602333200e-02
-3.117518568408457202e-01
-4.222197948484791574e-01
-8.682642932662412161e-01
1.861361263470255878e-01
1.357896758136609705e-01
8.550744127486473722e-01
-7.086460681418120799e-01
-1.053392910693691231e-01
-8.850989592880333934e-01
-1.202661957844766150e-01
-3.169452554092269114e-01
-9.465451652851255560e-01
3.575736388049504111e-01
8.684509001800657657e-01
1.170095270241613417e-01
-5.508860892853686408e-01
-5.713780600487332606e-01
-6.855823770649780435e-01
-8.124569726952839410e-01
-4.409625045681082600e-01
8.223075392117316085e-01
-8.868598088590831097e-01
7.359046079042430577e-01
3.449145720983035623e-01
4.105588050295585489e-01
-6.754782270508439268e-01
8.356213078507372938e-01
6.151056572362052499e-01
6.943516448690489895e-01
2.530281090677453104e-01
1.118676277314420986e-01
-5.194411257275921567e-01
6.371735414124792829e-01
-4.124932249999824219e-01
-7.047885058293699156e-01
4.377483829672639271e-01
1.698009486331208961e-02
-1.030547543383206754e-01
-4.462146597494796030e-01
-6.715892201566004971e-01
