-8.234848155042722162e-01
5.184221038070842003e-01
-1.231135132026994761e-01
-3.555988124291571406e-01
-7.234733683529444015e-01
-7.885410910841146315e-01
-2.793547711986195115e-01
-8.799152205348412803e-01
-8.957064242392469566e-01
-6.132485669560197028e-01
3.154438586479206830e-01
5.449592688784412609e-01
-9.993985612442046751e-02
-6.815205418495653422e-01
-8.446119122004214219e-02
-7.520680269615465097e-01
-4.863783979745661679e-01
-6.504606342561423116e-01
-7.195349741161034540e-01
8.324940323361227357e-01
2.336978941283907041e-02
3.453479686073555044e-01
3.074682901678180702e-01
1.779070362584953546e-01
-1.398471493193647053e-01
-3.260542735390830060e-01
2.922131019702207677e-01
-3.188236057587721106e-01
1.686165519347266883e-01
-6.393063164786527697e-01
-2.249397931219458968e-01
6.159641011031213864e-02
-4.982024058062373140e-01
8.238624395730571592e-01
8.840691005008713965e-01
9.524998413099310390e-01
-7.688046699328661138e-01
8.884337527966690296e-02
7.289240065347577513e-01
-3.087683268135661407e-01
-3.600786001838471861e-01
2.208098772281528177e-01
3.334919087168635166e-01
-9.224393420895564688e-01
-4.186224612223963248e-01
2.468061366093454723e-03
-4.418700697982038683e-01
1.644096163502821728e-01
-9.415223108662642559e-01
7.164850176286881034e-01
-4.572975631460991508e-01
7.459177182050447108e-02
-8.277961257516401883e-01
8.849763842565696592e-01
4.100587632784682413e-01
-6.816378548009542904e-01
-4.956528177736074792e-01
-5.183966684795597857e-01
-8.762017003582878161e-02
-5.576230803615558340e-01
-1.213256363181502984e-01
-6.161239829725233541e-01
-7.974402136936531438e-01
-1.345108526491163303e-01
-9.404085306527387722e-01
-3.941328243555914934e-01
8.170416947544167918e-02
-9.919919840207311879e-01
-1.230022251425970659e-01
2.856736013983443012e-01
-9.955402289595001175e-01
8.990607288167749012e-01
-3.862324829445211716e-01
3.281571625814327930e-03
6.454159151373277670e-01
4.891099654295782972e-01
-9.084036439760323489e-02
9.788023389371798277e-01
-9.305328297300374807e-01
-8.566295306469491333e-01
2.270709366015029040e-01
8.686359636828320241e-01
8.439040104421657862e-01
4.969770976270573293e-01
-7.033057185262863165e-01
8.365942229324905277e-01
4.129590972320951181e-01
2.551092973232327310e-01
-3.259381486173320575e-01
-7.890104512065376774e-01
5.574846255406935569e-01
-7.629339061877669081e-01
1.195062897578342831e-01
-5.517350164619381214e-01
-7.765535870624129533e-01
7.932719987583907173e-01
-3.938496229585077835e-01
8.312620499671319330e-02
5.112533468589444130e-01
7.464182786666992975e-01
-7.703907541316652452e-01
2.767621333661582916e-01
1.428296669006274833e-01
6.746134759576174478e-01
2.686992446080436192e-01
2.575433002800353588e-01
-9.436241837280983091e-01
2.483475196610718250e-02
-7.891428692137498757e-01
-7.557516007393578761e-01
8.789657103310464237e-01
-4.877613591736358334e-01
5.173117886497369255e-01
8.913251341714605314e-01
2.231467050583539891e-01
3.816746965558013294e-01
7.828472608267622590e-01
-4.508550251234457740e-01
7.316432643330770258e-01
6.454586318278894286e-01
5.139143934394820867e-01
3.211657507293141922e-01
-2.992026703092922624e-01
3.833768795968330867e-01
-1.066082693745995513e-02
-8.788132289125183405e-02
5.950936625279754644e-01
-8.769956945456309771e-01
-8.864372202533976619e-01
-6.967131541426927477e-01
-2.581115056575913336e-01
-4.551681734234798160e-01
6.591284604323204288e-01
-1.310663334822206316e-01
2.880450708222952461e-01
3.275984071032651546e-01
6.448124345806443003e-01
6.009226148138189227e-01
-1.095706076877358548e-01
-1.537439933142976667e-01
3.564848388780048616e-01
-1.778697945244118728e-01
2.986507534251410245e-01
-3.259699302096645823e-01
3.997500940673037739e-02
-5.051202354107546810e-01
3.147769884630617909e-01
-1.011414617071837441e-02
-6.525449494920523286e-01
-4.688264611464807441e-01
7.594140312615649258e-02
4.148702026420381106e-01
-1.367751018168399391e-01
-2.395028361369420100e-01
5.268321412313619057e-01
5.047944652658145070e-01
4.715444950990406170e-01
-3.392601349715758108e-01
-6.020904569338372259e-01
7.808689109537199080e-01
-6.457974364494130093e-01
4.503720448371528740e-01
6.824675030920366314e-01
7.371242121401258007e-01
-2.627110516472592749e-01
3.328482332178808178e-01
-6.176895531927748539e-01
9.494457650570264917e-01
-6.448104180062788071e-01
6.993229358177590615e-01
-2.509970023777305936e-01
-1.300827850688675014e-01
-6.810758460212649190e-01
-9.663230193573446591e-02
-8.158854813659601746e-01
6.986626618307842929e-01
1.026999971070274853e-02
8.340235908151123478e-01
-9.226146070024678902e-01
9.174500040482334029e-01
-8.490965974806772287e-01
-1.472557800592861899e-01
-5.326599283748412184e-01
4.733485385537850032e-01
1.952412342561353764e-01
-1.801331201740401511e-01
-9.247735469921904983e-01
4.169300987946635839e-01
6.231736626861419381e-01
7.903335519100749273e-01
7.709100674353657201e-01
-8.134676120349879636e-01
2.513209702494021425e-01
2.674794456058431358e-01
5.897326705145287118e-01
4.888045820982962475e-01
-5.615922370852737266e-01
-7.398119019061903945e-01
-6.224754646982515460e-01
9.452199427247873764e-01
-8.002527632212625974e-01
-3.405403305323284613e-02
-6.024003166580504942e-01
2.502164027312159256e-01
3.880922352671660747e-01
1.410308899646277592e-01
8.541689416571009996e-01
-2.481864325290827900e-01
-2.419647774906692472e-01
2.365517270328030275e-01
-8.111261934415461283e-01
-8.036334802098605845e-01
-9.464444679740324773e-02
9.565926343470361193e-01
-3.432278461666049552e-01
-1.510732797988008080e-01
7.754180642573671456e-02
-2.769909013321587565e-01
5.909854843224715548e-01
2.398547043857559569e-01
-1.231310230208746415e-01
-9.961684966574355649e-01
-9.256410072793852528e-01
-8.210841686298515629e-01
-5.464092047036590571e-01
1.269090662008163228e-01
2.456149177825392993e-01
8.450130366296693118e-02
5.100842796031361814e-01
8.864717431215123344e-01
-5.427118085575322048e-02
3.823334881766193849e-01
6.314685338822603189e-01
-3.241519293236430066e-01
-8.412134347850419580e-02
-5.639484372122227640e-01
1.574695008268141017e-01
9.722099031428124150e-01
-6.236925638536339189e-01
9.867383072631190633e-01
2.972848596323587334e-01
-8.242094592381279394e-01
9.547770795553993661e-01
2.644274046538468426e-01
-3.200856080251055502e-01
-6.790554896120750694e-01
5.690386223786934039e-01
5.077103896325501076e-01
-4.894196698205093288e-01
-5.424385975089778267e-01
-6.558369099334739882e-01
7.656903488501858313e-01
-8.527449290562028050e-01
-7.195624975419889768e-01
-5.950672031465042977e-01
8.367926043172191353e-01
9.687061584623137822e-01
1.890622232957650528e-01
7.253351882597585121e-01
9.170090469353175955e-02
-1.828745311013209029e-01
6.232959148997714305e-01
-7.965962959420926914e-01
3.129049514763524442e-01
9.972789669678649993e-01
