-6.665862913083009378e-01
-9.674163297299558373e-01
-9.259759930493667301e-01
9.406112742238503799e-01
-3.564042551241621837e-01
2.413633195250541874e-01
-1.994154884354726320e-02
-2.306851046184770215e-01
-2.357478820403962061e-01
-1.818257874117179540e-02
4.986971653891392187e-02
2.110446574274313924e-01
-7.687130498071415019e-02
1.360655065444136280e-01
1.852759544562643246e-01
4.329151365941537044e-01
-8.065256354807530670e-01
-2.877839916587370261e-01
1.704174086823884160e-02
4.564869734899741349e-01
6.507495027964127488e-02
1.141553293243631195e-01
-7.139188024473293037e-01
5.913478238869218639e-01
2.310836076691076268e-01
-5.766530208169990956e-01
-1.346171980464339057e-01
-4.123242178740094133e-01
-1.010977563772439414e-01
-7.928261263472828890e-01
6.939854904026925286e-01
-9.790332634850695825e-01
-8.299247545084169619e-01
-4.244059355148011026e-01
5.386628528239023606e-01
-9.462714838718033761e-01
-1.266995984194931868e-01
-9.678644599665693349e-01
-5.256983531536363330e-03
-2.871843674098126797e-01
5.522311221439353268e-01
7.412027880584732831e-01
-5.590430419435896692e-01
1.516781435745195861e-01
-2.253420593108590442e-01
-6.272356837481958269e-01
-6.690281632148280533e-01
4.668925785596018674e-01
-1.102815230089779774e-01
7.882535956301843783e-01
9.351875294946534467e-01
2.773060499595774164e-01
-7.025194787146229469e-01
-1.270323610695847094e-01
-2.248028237391330730e-01
-4.422494676087469490e-01
-7.144702909180997707e-01
2.319655209315090172e-01
6.954338976303442443e-01
3.059496065354248007e-01
3.585651450838689414e-01
-3.973358167874230240e-02
-4.196140663633605161e-01
9.811564728654544876e-01
-3.279248844267710350e-01
7.520701631375812379e-01
-8.700159099026947285e-01
8.237203381989870454e-01
6.277997958987346916e-01
8.054642127439428645e-01
8.406641823956093607e-01
-3.860600013215380599e-01
-6.490681463411598351e-01
3.405727466587114005e-01
7.823536571178799637e-01
9.809221537882364395e-01
-6.094520515700898589e-01
4.399411973281177612e-01
4.162704860882489033e-01
-1.168782633250053937e-01
1.104357323815543523e-01
-8.315578373663758960e-01
8.385354437855949694e-01
8.164269081210564494e-01
-3.902699189313045824e-01
-7.976997926117257443e-01
-7.709065163147770239e-01
3.529800831233513847e-01
2.532023988082523491e-01
1.826838461088391430e-01
-6.530179866173027037e-01
-5.072651110420101084e-01
-6.223653386816005995e-01
6.049839570637376429e-01
2.832177370729676014e-01
-2.559990940125862480e-01
1.382478709549044282e-01
7.943288847087282001e-02
3.534536408339103986e-01
-7.218939216707256357e-01
-2.122142366688906101e-02
4.877729043586123137e-01
6.888333207560060067e-02
-8.252433274092010329e-01
8.070864060347555657e-01
-8.900882960338964978e-01
9.546182576881185877e-01
1.865693813224593711e-01
-2.710687634200834584e-01
-7.068128926076699958e-01
-7.264100349385071986e-01
1.022190061156165175e-01
-6.945570533249967315e-01
-5.362994897483357448e-01
-5.493523892746843273e-02
9.570186791489372347e-01
5.190784186135408707e-01
-8.303967934168017262e-01
2.143733173094839461e-01
-6.624318469773637919e-01
3.092589790755861934e-02
9.733694281004723337e-01
-1.273471500629106412e-01
8.368258069558809353e-02
1.732187370775406521e-04
2.848989992546897554e-01
4.818896864104296185e-01
-6.662208713311570385e-01
5.995645628031076591e-01
-2.377826808991267971e-01
-7.605592225582158417e-01
7.004839295104845487e-01
9.779632121162591396e-01
4.224796826046908205e-01
-7.697793902591330006e-01
5.843906058680254922e-01
-9.685633043482329008e-01
-3.449701154520112834e-01
7.098008960059982719e-01
-5.082473563987219833e-01
6.388815997960053394e-01
-3.350841673659099573e-01
6.394707223737676749e-01
4.955277306843002272e-01
9.513165460920642857e-01
9.249717441339890822e-01
-5.731563933862369176e-01
4.761476155970540969e-01
7.892430191066484024e-01
2.209229769619909245e-01
8.169783617759214245e-01
9.063681457300425404e-01
9.389112837081923235e-01
5.806951005027352064e-01
6.607856795622391033e-02
2.047417122247467969e-01
5.282055482571030858e-01
3.896713226829544574e-01
9.542505778537209160e-01
2.251396013800037732e-01
2.640379307912608109e-01
-4.432999103658672446e-01
-1.008119238442544141e-01
3.945617349445451616e-02
3.861899880116814732e-01
-6.383513710695498666e-01
9.935216414260650275e-01
7.840750778311682545e-01
1.497164828658463787e-01
3.430426321256547784e-01
-9.259868758036404746e-01
-9.423499293680164257e-01
6.230422995081010828e-01
8.060399219962455231e-01
1.796601125220758099e-01
-6.752258185968389448e-01
-8.538971228303648964e-02
-1.541877282030523766e-01
-6.924096589835926352e-01
-9.240720912487738747e-01
1.963872386776912560e-01
5.885919390066940426e-01
-9.133877298833326108e-02
1.945143827176323281e-01
5.635667399831580937e-01
-6.074867337486260510e-01
-9.309713967796273693e-02
-2.134406919948514947e-01
5.256970513714653848e-01
-2.782460442726581995e-01
-4.074892734706270225e-02
-3.630693593535943009e-01
-2.222718179546976369e-01
-3.773157504349871072e-01
-5.201810907617310242e-02
5.932656322888940625e-01
-6.787692925305028879e-01
-6.520139300707419316e-01
8.739265359871877248e-01
2.932261629875121400e-02
-3.630512942913477481e-01
2.002623747653251574e-01
5.916033286053636875e-01
9.689649145311713951e-01
2.410701577881741997e-01
3.851068685533169944e-01
6.551425928075342853e-01
-5.312228007251262873e-02
2.429997079644863334e-03
-7.055157648309675622e-01
-5.774684598555586135e-01
5.636303995185529825e-01
2.831840492567410106e-01
5.903767116203657572e-01
-3.976130509688651227e-01
7.098008609510462197e-01
1.862262616475465205e-01
6.580140543484791493e-02
9.715428171059574680e-01
7.323486552496580870e-01
-8.712546979585538143e-01
-5.752207540506057981e-01
4.487690997779425484e-01
9.976825242407256766e-01
-1.036606298853897101e-01
-9.985583422669419562e-03
-2.827024732281804287e-01
-3.181992304797118809e-01
-9.402084171569127236e-01
1.670232022778583847e-02
-1.237030331139377104e-01
8.800439118120491067e-01
-4.768447391097556665e-01
9.762207359176509058e-01
-5.509836503909193439e-02
2.563018918034523086e-01
-5.165207939635023671e-01
3.004912343881567249e-01
9.383704337544815921e-01
7.280324410066993934e-01
-2.920359437898067956e-01
-8.300190587806948184e-01
-4.155202720011763606e-01
-6.147245873546898220e-01
-6.623327349817866860e-01
-1.478647511168069695e-01
-4.259339298724265088e-01
7.321200102350107208e-01
6.167056012099074724e-01
-8.867763768901379962e-01
-7.681021802433942725e-01
7.017950501019398768e-01
5.513037763550698855e-01
9.794067094546388130e-01
-5.385992622679709463e-01
-1.064420027816808112e-01
-9.911531825540957907e-01
7.407153567991042742e-02
7.692479302583752343e-01
3.171509301458208530e-01
-2.054565054351646936e-01
1.058961137038307854e-01
-2.999784166839736255e-01
2.299032872394108917e-01
-1.605916554868953572e-01
