5.836822612712670999e-01
-4.887722765115609658e-01
5.954961294654539383e-01
7.289087293086842223e-01
6.995040967742509608e-01
8.664597657890955595e-01
-9.555678356718855238e-01
-4.875550830350050546e-01
7.904162704957504726e-01
7.082043961322139758e-01
-5.323575365693677952e-02
7.264403597899997678e-01
-9.919067543801007858e-02
5.306933775550095600e-01
8.349849379201337296e-01
2.558780624599856779e-01
1.724729946943339698e-01
-6.121178577853896297e-01
1.907472300525390185e-01
7.454575653449448946e-01
2.963057598517602198e-01
-4.234423714481172496e-01
-1.818079877835432345e-01
4.093440270910966294e-01
7.338051032448416056e-01
7.621561487088011067e-01
5.641952893931669877e-01
5.096742028763798782e-01
7.683335645194511176e-01
-7.062549032199925136e-01
5.147823929306272195e-01
5.081657936544938803e-01
-5.070527576012069382e-01
1.722662740557769911e-01
-7.247805996033613862e-01
4.255904943250010675e-01
8.753131920372843044e-01
3.774090896599695544e-01
2.613770503471921636e-01
-8.574153035884621854e-01
-6.680314214675231455e-02
-7.590486124381856659e-01
2.168389951319751319e-01
8.075998696377255648e-01
2.203555740106999394e-01
-5.083656195788091026e-01
4.240135480511986188e-02
9.353177377636971990e-01
-7.885650904990617605e-01
2.791690251251730537e-01
8.787353666485731019e-02
-2.297977555600669852e-01
4.462070887141724729e-01
6.202068326041390023e-01
2.948397231539801044e-01
-4.754163128319877085e-01
4.519546544998911397e-01
8.561904549797549890e-02
-1.752901157613890870e-01
8.549679823909390741e-01
-3.569232036949823161e-01
2.940565296016159902e-01
9.552426414608290450e-01
2.275233168458314914e-01
6.214239366336471448e-02
3.589685646868754354e-01
-7.796476671903080913e-01
-2.196769177388091521e-03
-8.363160058471148517e-01
-5.884598415543451644e-02
-5.597772090444559367e-01
6.083244632668194374e-01
6.671777627930235433e-01
6.101637902980576733e-01
-7.318629038053776625e-01
-2.320628711210506179e-01
-4.007257301345217293e-01
1.989911165630324774e-01
6.157466873867027957e-01
-9.336350346084183460e-01
6.773111040155246343e-01
1.582350131897181100e-01
3.749178713889251835e-01
-7.662169558480542708e-01
-1.907774060674218841e-01
-3.292825058557715678e-01
-1.876862160502299481e-01
-2.997594691453198124e-01
-5.666303733157949107e-01
-3.323057425408493248e-01
4.631766505672518797e-02
-1.638813326788259861e-01
7.006260668210941844e-01
-8.452874807206034458e-01
5.387710877414828570e-01
-1.879338749694228206e-01
-5.941994408581734444e-01
7.461948745553217410e-01
2.035405722300942521e-01
4.115175808367310673e-02
9.171363678152257837e-01
4.369446448262712668e-01
7.484479959867118559e-01
8.893031892804592609e-02
-2.977679541971891553e-01
-7.434455951714955546e-01
1.758994306201278057e-01
-2.119804527494162372e-02
1.853145696729006087e-01
8.903743262399455016e-01
-8.842952619631914146e-01
7.221256019771533641e-01
8.957926107788720671e-01
5.420302477099567806e-01
1.262250135583580235e-01
-1.669136244191844476e-01
-8.718669387441972951e-01
4.505598002401784985e-01
5.840747021578391873e-01
7.758351157280880539e-01
9.358125856634611495e-01
-1.361008388067528330e-01
9.413955645116871551e-01
2.971455696523768175e-01
-3.470742368173640457e-01
8.350365530174028716e-01
-6.934849695504841094e-02
7.712612595500705215e-01
-6.001096662640503787e-02
-3.614710003184402609e-01
5.876465774260364316e-01
-9.107724333443623088e-02
3.060444005948532720e-01
-6.877398954359861261e-01
9.070283627299025042e-01
8.731306720446017078e-01
6.071369417871601559e-01
-8.449142177622279704e-01
8.295856178765856903e-01
5.345062659669472804e-01
8.770688720206778477e-01
-1.766865515955731158e-01
7.843834932723212638e-01
9.486176956642873304e-01
4.917351604268049847e-01
-5.579603619932327341e-01
6.127517898797396612e-01
-1.340502616460332863e-01
-7.089861611227026295e-01
-8.684648955273175375e-01
7.196018749300492345e-01
-2.614305965493173289e-01
6.492782567418520223e-01
-2.314287664019241131e-01
9.617810179241788049e-01
-1.653198908020112601e-01
9.282670766298168896e-01
8.157854105635711228e-01
-3.030367556475597191e-01
8.823068275995737952e-01
-7.236571856725606544e-01
-8.749171868230016802e-01
-2.672840014610970982e-01
-2.941200349672981051e-01
1.272554381323072192e-01
-7.973140616990088692e-01
-1.113718722327261546e-02
-7.186198334244207064e-01
-8.406369404446421001e-01
-8.448162035378818935e-01
-3.713663430937110821e-01
-1.632608528405752324e-01
-3.647878394389381107e-02
-3.485075041561818132e-01
2.614275760789288583e-01
6.522335375633470100e-01
9.621003796432547883e-01
4.250846491433566410e-01
-7.831386774063908707e-01
-2.622608809305899680e-01
3.456029606116046704e-01
9.946862440275316963e-01
8.149616306194811255e-01
5.100844875733767658e-02
7.030714617394433485e-01
-5.135123232315106367e-01
6.972556337682185301e-01
3.839159467302080131e-01
-2.845806306274767383e-01
7.757536012235359824e-01
-5.021808980589475002e-01
2.663497498222815452e-01
6.955734412467795558e-01
-7.939680579057488696e-01
8.809426335331445035e-01
7.565234744905873221e-01
-5.836562304517665112e-01
5.762189778686588326e-02
-9.393334216934023928e-01
8.584177493460896091e-01
5.931964095936166359e-01
-6.818158587837104267e-01
-9.567399436607852969e-01
-2.407782171043852948e-01
6.847416296533752611e-01
3.247276866892354619e-01
3.601878268625098301e-01
8.616649721320928101e-01
-6.322336934531529451e-01
-4.024451927280812136e-01
2.778976726189963387e-02
-7.802150644648895295e-01
1.304349355732226101e-01
-1.416297481390715873e-01
2.695162857135258161e-01
-4.460812511409957271e-01
-7.334476419188513674e-01
3.613591700200260437e-01
4.156228051913735122e-02
-1.467737789367433709e-01
7.700926716332778810e-01
-7.789015283184941296e-01
7.407792011160101442e-01
1.134072880753400625e-01
3.951525481516409144e-01
-9.451757304670205251e-01
5.788684207397283288e-01
-4.197949555854796344e-02
4.780861788065404738e-01
7.062424270842642127e-01
-1.660698728204268448e-02
7.768273469394848529e-01
-1.764200226503429558e-01
5.871403169045064097e-02
-7.747503128578421272e-01
-2.865020620258544870e-01
2.926819293925080334e-01
9.229953839355604650e-01
-3.350187351698510341e-01
6.005369136374485439e-01
-6.006499451364524234e-01
-3.829747978475535053e-01
5.998365152803302180e-01
-7.127194905939004954e-02
-3.209665008915931761e-01
-6.429829204367039086e-01
-1.813837945885510283e-01
1.246294287231854980e-01
1.972446614583749369e-01
-8.799296327090702086e-01
-1.487987909262045161e-01
7.499743788645609754e-01
-8.593319584371039710e-02
-7.878872787664508159e-01
-2.527988975438617558e-01
4.371487325143923464e-01
9.399823093952759390e-01
-3.940489424971886923e-01
-7.856481335251830345e-01
-7.524317449510109501e-01
-9.480477357497083535e-01
-5.247484674788380765e-01
5.029987752444304849e-01
9.322648982010186547e-01
6.087839094412741403e-01
