4.080439137184166398e-01
-3.738972758720902068e-01
-4.025328237800684938e-01
7.850992996490464559e-01
1.520911128858357664e-01
5.244398499013047665e-01
-8.579474869987513408e-02
3.225406230603646840e-01
6.927865700121536019e-01
-3.373735236695167838e-01
1.230339370559299095e-01
-5.721360404225155349e-01
1.341663598478768371e-01
-7.336912191060036559e-01
2.723075740162106406e-01
3.290599058758247875e-01
-6.739242215479543940e-01
-8.384728633183076152e-01
-5.074832171807597270e-01
-3.529304365858494386e-01
-6.919068698480503876e-01
-7.606518256891190433e-01
1.582169722605866191e-01
-7.977000464513710476e-01
4.609673406970535847e-01
6.095405221265393081e-02
1.039666513717143470e-01
7.112475028431644031e-01
-6.491383314025900297e-01
1.430562411126676814e-01
5.462371074379164249e-01
6.167555840614236118e-01
9.580854341312685651e-01
7.088494524914223938e-02
-2.969882833891810403e-01
8.588882947966649528e-01
5.243136098686447255e-01
-4.301340057166449515e-01
-1.938268530558469038e-01
-2.511303922721646043e-01
1.844056398958944243e-01
-4.895527247551625383e-01
3.132994456821349694e-01
5.892330502971798722e-02
6.474377844501013612e-01
-8.377381085817825479e-01
5.834907921376430995e-01
8.603989683218451479e-01
4.097023885230315354e-01
-7.743682864240086783e-01
7.515461429044445474e-02
1.696011218301607393e-01
9.755420793494102849e-01
6.862509576624320484e-01
1.826118011732240642e-01
-7.283685171883469422e-02
5.509716291226711693e-01
-1.646936449572200534e-01
-2.664719446143755111e-01
8.168061638818202574e-01
8.761975543039985936e-01
5.505105599545456752e-01
-1.167917420659323469e-01
-2.361331631936482989e-01
6.814171513938980240e-01
9.371742860798453201e-01
-5.895780630783706844e-01
-9.405626428417794838e-01
-4.856343134704348419e-01
-2.041777726390385794e-01
-5.199696011814771701e-01
9.156672166019961256e-01
5.556943618421503750e-01
2.518630155712253682e-02
-7.762570195455720246e-01
-7.803529691587540729e-01
-9.332010854960355317e-01
8.536618906223791825e-01
-5.068244902424761111e-01
5.190591912641551176e-02
-4.404441326985228944e-01
-4.377210934934463449e-01
-4.536737645894730608e-01
-5.880377097158842048e-01
-4.145351546868509818e-01
6.809213856767573070e-01
1.190972481139833672e-01
5.304337426954064405e-01
7.228819981691836372e-01
7.679733562261836788e-01
4.741305748435951095e-01
-4.139495102572274821e-01
4.203806534353415891e-01
3.991070299981973601e-01
-5.588981680618265724e-01
8.524064583330865918e-01
-2.772377511204855427e-01
-3.968289914320133338e-01
-8.901925156721979260e-01
-2.293609823341287157e-01
-3.989148564561300070e-01
9.769455578876762303e-03
-1.846755283369674316e-01
-8.514660414301769009e-01
-5.145726245705415369e-01
1.607244792400377431e-01
-4.689172931351295315e-01
7.901698342950294052e-01
8.034510054797237011e-01
6.754015205969223778e-01
-8.871822645571083576e-01
-5.170486692828284436e-01
-7.868816967223035697e-02
3.621772577786530611e-01
1.530827105073129246e-01
4.927653976961439142e-01
-5.346590598700109442e-01
-7.272681807753256233e-01
-3.650852244344566788e-01
-7.609354809889645743e-02
-8.767768630195342805e-01
1.072001773608719510e-01
-5.946258748896280366e-01
9.762593826636936090e-01
-2.149082044171743977e-01
-5.968413297385379845e-01
-9.437997801110897811e-01
5.102413775611913671e-02
-4.923209782074460250e-01
-9.798729220121544792e-01
-8.265586048230102456e-01
7.098827783965542260e-01
8.727333723804120424e-02
-3.966682882292935641e-01
1.408087754929960855e-01
-6.534740870699589088e-01
-1.858617296443967337e-01
6.741659887192343881e-01
8.019202828816229811e-01
-3.678597852762603981e-01
-9.290226805867565218e-01
-2.682049572621163502e-01
2.348218436139637433e-03
4.364630158489968270e-01
-4.919425579328069453e-01
7.057555862320901152e-01
-9.609664765175218726e-01
-3.516805266455806933e-01
9.117271513807607697e-01
-3.264893008915288330e-01
2.900995114563547084e-01
5.747253251902750826e-01
3.723349489148439773e-01
-8.830191440398316161e-02
1.038391999288976741e-01
-7.541257787714132910e-01
-7.712189574131316228e-01
-4.898599380091663846e-01
8.877689419916396929e-01
-4.733787901279091770e-01
9.079658562009109701e-01
-9.073212652323667804e-01
-7.766314835960592688e-01
5.470079154062215121e-01
1.213252268012814383e-01
5.433246306030090622e-01
-8.623947997039169699e-01
-1.800180683796499537e-01
-6.874780260980521973e-01
-9.803491619592159534e-01
-1.064515317472269906e-02
-7.326573141621821605e-01
-7.402914730676366517e-01
5.773585492845652034e-01
9.756098389982694741e-01
5.453979379925191218e-01
-6.969449199843744669e-01
-1.096223499948334457e-02
-5.595742281578499622e-01
8.687318973196687111e-01
-3.448613834082370211e-02
5.630669250095843292e-01
-2.269824338759482973e-01
-8.458419087536797054e-01
-3.955664799291132017e-01
1.154126295314275019e-01
8.067785474855708738e-01
5.791605019329331139e-01
2.248203182967412062e-02
5.452145725728465564e-01
9.838200430227752591e-01
6.122822849851445870e-01
7.779170666279524582e-01
7.362133129252974584e-01
-9.240416263576392009e-01
1.216441732362638639e-01
8.669912092643254908e-01
2.392376115601613229e-01
6.960136622518464655e-01
-2.987418588899815042e-02
9.228296553585502160e-01
2.046858758549150448e-01
2.182742816440972344e-01
9.562155898407616039e-01
-5.779966476394993169e-01
2.400000448476582449e-01
5.890836503929919310e-01
6.128294696506466632e-01
-9.036281802354451109e-01
7.531110477114733026e-01
-6.992936096086179720e-01
3.367027826434698667e-02
4.599147938456220608e-01
2.760054856652882638e-01
-3.818583936644739385e-01
-3.944112321266604049e-01
7.511795100223050969e-01
3.259944564396612954e-01
2.824190985210339733e-01
8.438742837762511773e-01
-4.783683128066502643e-01
3.878390768077184525e-01
1.425812783232949243e-03
8.576414483502476926e-01
-7.516224879503852208e-02
7.277260703007668585e-01
-8.028256615276836428e-01
8.882547284012365374e-01
1.946786578805730361e-01
-4.145323534255673792e-01
-9.340639879133287860e-01
-5.042834029480283142e-01
3.970975331920230111e-01
4.353032282410822518e-01
6.845363855182970969e-01
-1.478778938921607722e-01
-9.460977766318026116e-01
1.155814892233728575e-01
6.450658093550498684e-02
-6.589037834100430757e-01
9.729436466908536474e-02
-4.246845176229498975e-01
-1.436902473145229564e-02
5.823591475415001995e-01
-9.386153694765380084e-01
2.767653155571250245e-01
-9.160937761946035263e-01
-3.224463843276648145e-01
1.781801111625933576e-01
5.820606508431831472e-01
1.957503076606033066e-01
-2.107618876567216581e-01
-6.849721891109632477e-01
-3.645142637864517976e-01
2.107006559227575515e-02
-9.167930872007452603e-01
2.964376525971346155e-01
6.047996888283857508e-01
3.969698277913051854e-01
4.142566971353689453e-01
-8.843352914032864831e-02
1.268481737569238099e-01
3.872572556908822072e-01
3.762792059942210443e-02
7.186520648314456139e-01
