1.151561084053133621e+00
9.255145723642721478e-01
-9.338504150809547877e-01
3.183146615105747479e-02
-3.322039179999969338e-01
-7.381070315517401781e-02
-2.363127266591615872e-01
4.739560842722319034e-01
6.819620797320147254e-02
-6.189124813886022203e-01
8.162540200998593676e-01
8.397252644682400291e-01
6.921491775341963582e-01
6.779566213177237177e-01
8.499572504486407887e-02
1.302660582933079514e-01
-6.056482557306006598e-01
-3.264203861088150749e-01
-9.141092770677745616e-01
-5.007886790538664812e-01
-2.433786702624287646e-01
6.392530946581276297e-02
-6.642170973407943713e-01
-6.417967181799379972e-01
1.983934766999484456e-01
-9.899530530594651268e-01
-5.958016887032331343e-01
4.177945847405419855e-01
-3.950421841456825955e-01
2.903108763510482415e-01
-1.652214446249429258e-01
8.018815590161132434e-02
-4.981758526798911735e-01
8.695540954852063464e-01
-4.695928586036075547e-01
6.548961862964450820e-01
-7.270171540637182517e-02
-9.618064192440021198e-01
3.050830234885564263e-01
-7.258205131439197100e-01
8.695398368653031174e-01
4.407623518854899558e-01
-8.712018831399397367e-01
-8.022040422013323457e-01
-9.443201687409894518e-01
-2.240861449347391066e-01
-9.485478414901704625e-01
2.849590558815258134e-01
2.843919434328794349e-01
5.819384309992514659e-03
6.793293870781882404e-01
-2.874004813002042358e-01
7.194735219604708742e-01
-5.832451804415696994e-01
2.792824578938883917e-01
7.663617269220095451e-01
5.963055976900297761e-01
-7.497956832907992641e-02
-2.295380202554038185e-01
2.427318303103127572e-01
6.985091778433425436e-01
7.845243369662993072e-01
-5.229867685059932381e-01
-7.015503624105132729e-01
1.041205557281983385e-01
-4.851995172177745452e-01
-8.999044608184478822e-01
-8.608360401725634325e-01
-2.110209992751339581e-01
9.453502350367974927e-01
5.337970480164058174e-01
-9.474609296997686947e-01
7.316608295027042796e-01
-9.091325623968233849e-01
-4.002119623647906188e-01
-1.282471198057466566e-02
6.200035523250591041e-01
3.246928175917862536e-01
-8.447422656590337642e-01
-5.173551423226909751e-01
4.794661822690424735e-01
-3.245680671579043164e-03
7.979360611989800844e-01
-3.978564275749540968e-02
-4.793351866909654202e-01
-1.570887102686555625e-01
-4.888463637369198089e-01
-7.399055458802312746e-01
-9.615582786007470517e-01
-5.035899777995338500e-01
-3.407084627901202367e-01
-1.567993273088768014e-01
-2.400909862517952575e-02
-5.953456555195659750e-01
7.880088176950634793e-01
-1.894067480287795480e-01
-6.034398174151895944e-01
9.148439229030811415e-01
2.817265119907685911e-01
-2.555548743720226224e-01
1.252984596480670731e-01
1.311454060596723981e-01
-6.531652676577259786e-01
-7.775069668726324323e-01
6.724207517631031195e-01
-9.618881798630867230e-01
9.972952092022777659e-01
-3.963176143332192147e-02
-1.091771033948991665e-01
1.920406535564151973e-01
3.521283999052671199e-02
-1.147003573690885680e-01
-5.830353817674640560e-01
2.031656685219891401e-01
1.050881896114892466e-01
5.653357478163012484e-01
-2.950577182090619033e-02
-5.936543719576732325e-01
-3.812219700275156775e-01
1.711522937687171009e-01
-5.615865697791715405e-01
-7.024671576900300973e-01
-3.021060130924662079e-01
-6.933174291143573420e-01
4.466665737666963842e-02
5.955242114564160971e-01
-2.171273581462309643e-01
1.192435286856066146e-01
-4.762126589296251655e-01
-2.297775656071983086e-01
9.396656993982843709e-01
1.459566478865048644e-01
7.504006632355897377e-01
2.866819989559954429e-02
7.941530638658602648e-01
-4.924772100542236242e-01
3.076654125958235841e-01
-7.902053295969071467e-01
3.725313847096347608e-01
-1.592073883895011033e-01
-2.221073939769926398e-01
-7.359144176393539460e-02
-5.492425543764012374e-01
6.482431473807872546e-01
-7.960306181725880226e-01
-9.265666284456961499e-01
9.852550653910077116e-01
-8.974562695281940172e-01
3.933379157941749860e-01
6.035127307067844615e-01
9.085770874438323652e-01
-3.890318422252987407e-01
-8.965931264442583704e-01
-6.576927156039651390e-01
-1.943267093336498164e-01
1.457328659721586206e-01
-3.549615860571115888e-01
-4.889672668048035131e-01
-9.388462634862939638e-01
-8.058234255417948688e-01
2.437529017005590770e-01
1.135429480258087764e-01
-4.285261276882779136e-01
-6.906116956516528127e-02
5.186841755935511777e-01
9.721198867690696854e-01
2.892825359363533355e-01
-1.689475719952737709e-01
4.873793393189393974e-01
2.435199094816840049e-01
1.243599087649727153e-01
-1.257860381792705873e-01
8.080813139020048830e-02
-2.582397932588926803e-01
5.794664934785149768e-01
4.499208170707349463e-01
5.786595133472385299e-01
8.722039600491673372e-01
-3.490954764393130461e-01
-8.571765856037640852e-01
-9.162155053388545412e-01
9.872226458898503143e-01
-5.225492357929408804e-01
3.575153737650427210e-01
-1.708369133666420847e-01
-1.111234968657297539e-01
-6.345511424415930524e-01
-7.979435983189751003e-01
-2.620887700271425924e-01
-1.619654903340503882e-01
6.223905891728782613e-01
5.944519403003347691e-01
1.701732504322843731e-01
-3.999305515424489421e-01
-2.413754318622989281e-01
-9.574687695189281200e-01
-5.078851436832521049e-01
1.734248531088360412e-01
-5.374557047078187821e-02
1.762685779307409106e-01
-6.485092930273410605e-01
-8.792824625165061025e-01
-2.108087655581329933e-01
-6.701339245913482401e-01
-6.712159970287909783e-01
-8.071662384408586632e-01
7.331281550169790329e-01
1.663137433188732750e-02
-7.026785243256641333e-01
-9.099745297772330321e-01
-9.976612564892972657e-02
3.005701380647680665e-01
6.365167698963247744e-02
5.284244464269687303e-01
3.636113556065958541e-01
-9.943348014002986179e-01
5.207364420486138012e-01
-1.897865248456589438e-01
8.005860169108096613e-01
-6.836424112737948811e-02
-7.357541101076712220e-01
-3.970881537078783108e-01
9.589822573915949278e-01
6.431438734749161945e-01
-1.502893665771787290e-02
6.824198756084072226e-01
9.766542867765370950e-02
-5.599365380370491252e-01
-1.233340250150429807e-01
7.833931565912335415e-01
2.462200462646486621e-01
-9.835752203320771159e-01
6.555755041755639834e-01
2.168653878073087959e-01
-4.942609885470639064e-02
7.597679477725827191e-02
-9.781504465573216400e-01
-6.632772577486050203e-01
2.924170953627336367e-02
-9.239636829752855274e-01
-5.619896443354521764e-01
-2.953855857441707311e-01
6.829232206762776425e-01
5.454625199987783724e-02
6.530987686908296119e-01
9.343809566985665782e-01
-2.557405346524526113e-01
2.109493533136088672e-01
-1.551643423337907279e-01
-5.388022822248206278e-01
-6.181837590864505128e-01
-7.595676188778315296e-01
3.748055847402329555e-01
8.130168204623624550e-01
8.398922662455663435e-01
2.580429428267700942e-01
3.596200853086464200e-01
9.210954547099203804e-01
5.443256098671578336e-01
6.015879854250067993e-01
-5.502339092676045151e-01
-6.341394762476948443e-01
-4.996336069069389207e-01
9.143872119345073379e-01
9.141840480697782656e-01
