5.025948852306132419e-01
7.691741942696881384e-01
-7.441219411970398934e-01
6.954435065013302442e-01
-2.177463480688748287e-01
-3.863216856454543269e-02
8.045524669950725460e-01
-9.245957612162878370e-01
-3.580788744256757639e-01
-7.463309576852719118e-01
-9.431577720222799055e-01
2.436087898828356302e-01
9.168355496778097802e-01
-5.733332468311687080e-01
-1.994697430896814616e-01
7.817835563186732450e-01
9.611481101637064928e-01
-4.955104225983504307e-01
-9.143059473242836077e-01
6.049827552108899553e-02
3.968370138359935684e-01
-6.596852068550644876e-01
5.359806990960782613e-01
-2.163521892339348440e-01
-6.908273037636525338e-02
-1.157559675968038437e-01
9.500425440577491276e-01
-2.099092569560832011e-01
-5.593139111080442927e-01
8.995582199069600549e-01
5.828009657436039603e-02
4.768017421111354626e-01
-8.362604585747266395e-01
-5.292872729240258867e-01
-3.737493739361563705e-02
2.629639389248894510e-02
-3.175195600878475410e-01
-3.523424351723691839e-01
-9.780331018664218945e-01
-1.612677461130782586e-01
-9.091926749570113930e-01
-3.157629796017646928e-01
7.790711863882027188e-01
-8.843452034520924432e-01
-6.617401934223892113e-01
4.410550319678552267e-01
-3.883542334495215798e-01
3.711842553189996785e-01
3.338052461214724431e-02
6.966422892766945818e-01
-7.077898607568577916e-01
-8.225510170812027066e-01
-6.316359845952672636e-01
-3.976948947299054904e-01
-1.850544181091275941e-01
-8.398529631735138778e-01
-5.058820663677598972e-02
6.460004190596639884e-01
2.737274906241604633e-01
-6.316840495049729221e-01
7.516184399813141681e-01
6.677938836501902120e-01
8.007694769869679874e-01
-4.119928964128884985e-01
2.459200706405040293e-02
-8.274271925253140481e-02
5.447554796068350136e-01
9.582800086773184400e-01
-3.369828631996685253e-02
-8.637489738901773517e-01
-4.450164287015467846e-01
-9.205317484218362711e-01
-4.114904161456780507e-01
2.846457811856413223e-01
8.950056524391769575e-01
-8.966113474307129128e-01
2.223087105265473262e-01
-8.517884551892460632e-01
-4.693593789538210714e-01
9.915590894655992305e-01
-4.053797049726124424e-01
5.763478315481589398e-01
-9.328959179313740524e-01
-8.477157679040512317e-01
-4.128858737408724888e-01
-4.514310492606459224e-01
-2.131426484670850829e-01
1.824171021906926260e-01
-5.589829308877880543e-02
-8.203257253864788545e-01
8.699469890115636428e-01
-3.302083163038527225e-02
2.345332505928765521e-02
6.339288817115513730e-01
2.446640036758320758e-01
-1.676029447990794452e-01
-6.990864298093377727e-01
-6.895295551354658770e-01
-4.408223452305737311e-03
9.058361630988855939e-01
-5.086959982923215939e-01
-4.140693490932108034e-01
-8.468759836676442720e-01
4.431289935812319225e-01
5.077041836929803154e-01
5.368250115949435575e-02
-1.139102343747318002e-01
-5.682985164856604321e-01
8.914386683217856433e-01
1.871748630181679918e-01
-6.662872828112664791e-01
-2.609016893033673234e-01
-5.140070619592649326e-01
-7.195556669841194353e-01
-4.162417957392610113e-01
-9.252162482946366673e-01
-7.411614704319167135e-01
2.772548214109997744e-01
-7.012401523110847190e-01
1.633603264461744864e-01
6.655824383948789613e-01
-2.678076330399783433e-01
5.640353891741012315e-01
-2.218682912362437420e-01
-7.218530621321888052e-01
-4.290223038166107727e-02
-2.746862520673998276e-02
6.787274934516858149e-01
-8.138907203374241561e-01
2.427638115274843855e-01
-3.071826214269770539e-01
-1.098601927850935134e-01
6.394298622723575409e-01
-7.722055890264347688e-01
6.907784641335219522e-01
-6.721829668115286704e-01
-7.602860088582532594e-01
3.874321730557572785e-02
8.647949440801829812e-01
-5.706536420422914091e-01
-9.973054219946466681e-01
4.835178022009989363e-01
2.667914649202094424e-01
-3.299946432719815803e-01
9.764189038320369995e-01
-8.954814942522451027e-01
-5.633772046822456137e-01
5.135877330989726541e-01
-1.432019093456915471e-01
2.182852941955759629e-01
2.709002647030827049e-01
-6.354355591781639667e-01
-5.514874246518595147e-01
6.950228468351711264e-01
6.113958018881526790e-01
4.951062367144896115e-01
7.485083435918249428e-02
4.191995177798149008e-01
-5.587591593188223626e-03
-8.352367797000015415e-01
-9.263478316738549267e-01
-3.206084008424217036e-01
-8.321740875288723416e-01
-4.156175780461541791e-01
-3.457938784357059703e-01
-2.737339916548564567e-02
8.244125098411971830e-01
7.978882754514544651e-01
8.706306840718429640e-01
3.719283621384237293e-01
3.532261605853366238e-01
-8.252552883599588718e-01
2.423073073007055989e-01
-4.100545980931280532e-01
4.508761088706794151e-01
-5.930047605387041010e-01
-7.362163137323811668e-01
-8.187834796286088679e-01
1.113319961825232074e-01
-5.644275573500143750e-01
-1.308224804193369728e-02
4.395610909741520800e-01
6.819557811405352332e-01
-7.388569028296356755e-01
5.382710184132666331e-01
8.994088769958650253e-01
9.446570290684774829e-01
1.375411312764842631e-01
8.946548499629436435e-01
8.617397148571039889e-01
-3.783308298108176704e-01
-1.701114678088344601e-01
7.323026263045606665e-01
8.573390590701024383e-01
2.470997863415680396e-01
-5.567284504275218371e-01
-4.088559007353194108e-01
-1.784385168469595495e-01
3.821748257142016936e-01
-8.857456022998162481e-01
1.885729623381080522e-01
1.690080615234210715e-01
-6.477618717497768408e-02
-8.427526232665967232e-01
1.495227118379771625e-01
1.467218301254793467e-01
6.393208897160231885e-01
2.676542491735256490e-01
1.889571312245030832e-02
5.129179358676319023e-01
-1.605683239599340340e-01
-5.648184055358884681e-01
4.452906169886217125e-01
3.077693336608056107e-02
6.050097305404260606e-01
-9.004301789453543758e-01
3.325453297219276294e-01
-4.629492487017161650e-01
-9.918469369063167562e-01
-4.024311776774114335e-01
1.675343564973881261e-01
-4.668703230331865406e-01
2.180519086927668049e-01
9.824554727558127976e-01
-7.393036071934979692e-01
-8.430486913132437810e-01
-4.278975386399979097e-01
-7.368763432102456434e-01
8.373401102736521828e-01
-6.200389422108822934e-01
-7.416068154118449218e-01
-9.035082720149210100e-01
4.109496644891952322e-02
-1.906199258089129600e-01
-7.668307464336072687e-01
-5.814098521210888659e-01
7.708390068352177771e-01
9.635903555385372243e-01
6.298780367326497487e-01
5.552186563808163555e-01
-4.740238036019186474e-01
6.528987003901294273e-01
-5.833705515025850996e-01
2.867996460604316233e-02
-1.847123624129820563e-02
1.166059346330150515e-01
-5.421209943217877303e-01
2.866227103705811796e-01
8.225855260646093292e-01
9.647594294505219548e-01
-2.244929310231817965e-01
-1.174738503420535984e-01
-2.573520779774183254e-01
3.462774830306225571e-01
-2.473807732327493181e-01
-2.319185762930837669e-01
4.461147106039806687e-01
9.512892324541559752e-01
8.069960083955107777e-02
9.390864381209738099e-01
4.403044932634587738e-01
3.535928897695599371e-01
-3.671801776662853012e-01
3.792111813378165053e-01
3.581603616706583448e-01
