4.615135287406617604e-01
1.258522223028972764e-01
-4.140455842684656051e-01
6.231253319975806892e-01
-4.202320866910165265e-01
5.925543712438172683e-01
-9.635492602957036468e-01
9.059081901050092256e-02
4.187839892366658212e-01
-7.004413143267018693e-01
-8.560316868578827787e-01
2.680201810830045162e-01
-4.064221207340588116e-01
-4.422562033194976649e-02
-2.742111297106597512e-02
3.060136263427235548e-01
5.462228208472248436e-01
-7.814839912564286450e-02
5.970256013253576466e-01
7.298144058699767012e-01
5.752718125908722335e-01
4.361880114936012021e-02
4.766916077129226270e-01
-8.674773991170292575e-01
-8.830394616897585536e-02
5.638559500495026189e-01
4.808916223421779712e-01
-2.361512019229883297e-01
8.040956361464854929e-01
9.668628071736660168e-01
-3.483547615867956804e-01
-2.503258959765037872e-01
-2.504587251328218578e-01
9.004490936417051117e-01
8.228985704009454949e-01
-5.945218795118158983e-01
-4.638355854570359593e-01
5.821155580466677026e-01
-4.462674892553191164e-01
9.521244293658037705e-01
7.906445113319613416e-01
9.090411073801927255e-01
9.889319828981024685e-01
4.131610137523087367e-01
1.810084029960363772e-01
-1.500117361732524746e-01
-9.797100196621255641e-02
-2.282955254852252480e-01
9.980854621658170611e-01
1.951281575357961540e-01
-5.799295735112159900e-01
-2.006132199640331404e-01
-3.965549316874450447e-02
-4.247050821669300369e-01
-7.199437335275931105e-01
-1.820594592537492229e-01
4.369057504671658432e-01
-8.844966142820336330e-01
4.864760709037148079e-01
7.557376567714375604e-01
9.000731815840536942e-01
-7.940992951685976742e-02
8.726024569701160694e-01
9.341754349613258235e-01
-4.442548195898379237e-01
3.205449821671528809e-01
1.838668679903541214e-01
6.739771421643077076e-01
4.615340840902648623e-01
5.628841948019343011e-01
-3.132031550551765964e-01
1.269265552141796149e-03
-5.177995097495644572e-01
7.542222402912526213e-01
-1.172956009270829103e-01
6.062236013892330355e-02
-4.409118759246539732e-01
9.332119478949163494e-02
6.951290343042808573e-01
2.855736240546489224e-01
-7.548264087674971812e-01
5.473748971403535890e-01
4.858169203963544902e-01
-1.276500937608424646e-01
-3.814636576781529342e-01
1.490835199621383111e-01
2.963637182115146373e-01
5.638918007651774200e-01
-8.713443332811021680e-01
7.091084250497980968e-01
-3.511259653667742064e-02
-6.977638010009263869e-01
3.241739360774640311e-01
-2.229118241822094504e-01
-2.942449743200148404e-02
-3.422894336141997229e-01
3.613897842378301917e-01
5.067683429258216243e-01
8.690178295738810732e-01
-7.757869597752524715e-01
-8.683807121044386790e-01
8.214715524696791782e-01
4.729045122967541204e-01
-5.255776189744580940e-01
3.889279409234096541e-01
-6.245405176186766827e-01
4.061832871068200568e-01
5.398128904676009476e-01
-4.336231884567973704e-01
5.374608109943457279e-02
6.158385479726788958e-01
7.578636464653187854e-01
6.987658747333227449e-01
-5.436714915517035784e-01
4.515211720150649199e-01
4.340452823726155263e-01
-7.006304673524350601e-01
-7.043491097069163320e-01
9.458792458928548808e-01
8.228807340333474940e-01
5.998949680107819038e-01
1.722067933308002452e-02
-5.927012030156342259e-01
-4.876032668377126011e-01
-3.545831379028829833e-01
1.646099239898499711e-01
-8.365974441541019768e-01
4.953792275395993983e-01
-8.684700977813182288e-01
-1.078212332531041096e-01
-7.303241316795583415e-01
3.936690225273440369e-01
5.642203264075551505e-01
-8.452830505165005448e-01
-2.215423480787437338e-01
-6.695397599861634408e-01
4.637963450933466625e-01
-8.209564826376540836e-01
2.116463703273518959e-01
7.149269309527008787e-01
1.694285708173060012e-01
4.550106978005661329e-01
3.120829103891329392e-01
8.920467694236111633e-02
8.721857972708080275e-02
3.896917043159338068e-01
-1.640012390465512837e-01
2.429341033343890288e-01
-8.153267462970528179e-01
8.454135789428656178e-01
-6.080724586568542200e-02
2.962848286637382866e-01
6.895940584683959429e-01
2.646237219530922502e-01
-5.110678568593545190e-01
-8.644593752264431163e-01
-6.053201198707502950e-01
-5.750439883300264565e-01
7.913881456196376618e-01
-7.591438668055496830e-01
2.758477146645894607e-01
-4.318766434150300704e-02
2.735334260367465742e-01
-5.157769330825947574e-01
-2.715502749292673101e-01
-7.238421789738398449e-01
1.565661604511914273e-01
2.751374358741300874e-01
4.800888242902938696e-01
3.240399695999407470e-02
-1.325284739573548975e-01
-7.859827724953163397e-01
-1.826006748636535004e-01
1.671187237878579701e-02
1.865777221328301927e-01
6.086146740401487953e-01
8.067597108676567430e-01
-2.784085206947841673e-01
-1.765183983438867177e-01
7.616081246596027032e-01
6.264293128253155540e-01
5.464521069622045868e-01
-6.666718549553773965e-01
-5.752353451478420254e-01
-1.724607885344890956e-01
7.738674457517342731e-01
2.699663837119725684e-01
-1.008244038436203471e-01
6.657178601404003526e-01
-9.649792497070586172e-01
-5.840022487862503997e-01
-4.988485772426454190e-01
5.989978208557733552e-02
5.778800896223397210e-01
1.028236443509340514e-01
5.105807345861226310e-01
6.930180266280407952e-01
9.758880657620754295e-01
1.339397912071824681e-01
-7.645874845395728148e-01
-4.629401841666003214e-01
2.800992343888812908e-01
-6.612702074585243839e-01
7.600477450729881124e-01
9.920168084974470002e-01
-4.201479826401381956e-01
3.293719375172754482e-02
4.554055619113155373e-01
5.645262007683762295e-01
-2.957799782402374955e-01
1.080168696854832966e-02
6.003076303537882019e-01
4.168486118864762613e-01
-5.299320864689103239e-01
-4.359115711288843453e-01
-1.516281368678134012e-01
5.877735357791824544e-01
-1.583474908413797788e-01
5.205673761882061434e-01
1.245760096220804858e-01
-2.881305648046352808e-01
-1.023975249413886512e-01
4.674376557657866638e-01
7.561748162185719657e-01
6.943663391386931671e-01
-9.446996590374290292e-03
-2.293599540929487368e-01
2.361368915015511494e-01
6.390724517799095672e-01
2.241511675911489476e-01
1.692237633330622160e-01
-3.400651122759439371e-01
-6.257643610321992345e-01
-6.982096801225956550e-01
5.802527353753745842e-01
5.922597296556468827e-01
-6.504441064928303540e-01
7.905055640534683903e-01
1.507092048899829617e-01
-2.200190397782046947e-01
-3.092488112242817166e-01
7.853978820276230621e-01
6.921865196654608532e-01
-3.986676541705005405e-01
9.568750409285931013e-02
6.410611015017206871e-01
-5.431644394172687740e-01
4.770344078724293446e-01
9.330009782569737009e-01
9.029546399191024086e-01
-2.074772995790528096e-01
-3.518114227173412267e-01
6.003716718236116190e-01
9.139444565767369522e-01
6.745873286583614625e-01
-9.079340879189663482e-01
-2.662664481714209774e-01
-7.626565351110157209e-01
5.007398906985662812e-01
-9.646074835852707086e-01
-9.202698984337513988e-01
-1.251027434621798662e-03
2.423484900052441660e-01
9.559952482805740281e-01
-6.565049532305227142e-01
