6.261613703011019716e-01
5.297305376859111625e-01
-1.208213516501974727e-01
9.433916586195898457e-01
1.199545165262416724e-02
5.334243368802318308e-01
9.423429865370400726e-01
4.890462636981980360e-01
-3.169345174496898121e-01
8.453530915521811906e-01
5.268634984244902064e-02
7.718712273231145282e-01
-6.857883253263452605e-01
-8.415758236838648543e-01
-3.684482545446998714e-02
-4.344265701108338540e-01
-5.024472168254496829e-01
8.612172383967318101e-01
4.550106126318380628e-01
-5.615521539474754853e-02
8.936042969730029206e-01
2.506040651839838151e-01
5.667263352328610893e-01
-4.138212151712279407e-01
7.412527013609064852e-01
-4.654687959678751596e-01
7.989844681941493665e-01
-2.588579981678995612e-01
2.873460498955437981e-01
3.315487499484361944e-01
9.452544438671472982e-01
-6.984994933977062281e-02
-2.496940336952517825e-01
6.871695284485050959e-01
3.741758069967460187e-02
8.179781877716758576e-01
-6.900459332828743353e-01
-7.802401795314661825e-03
-9.960500351603644997e-01
9.019871193394988218e-01
4.585415469548981271e-01
8.772496368739186590e-01
2.682478655548630186e-01
7.025110339556930317e-01
-7.788305872066827451e-01
-6.080362703707804517e-01
-8.743555814265453474e-01
2.925630851573490787e-01
-6.469055666533134463e-01
7.630579825000012306e-01
4.931262470966135680e-02
5.731160552019660681e-01
3.838138584286385768e-01
9.300103559564987243e-01
9.136417535996619321e-01
-8.016144652672552162e-01
-3.253030860265393454e-01
6.467674865346138002e-01
5.077305128700300152e-01
-2.210929035216346872e-01
-8.096514891689965410e-02
4.156109723574479275e-01
7.246398605906367862e-02
-8.623286541708969910e-01
5.646616264107533478e-01
9.708359124157239783e-01
-1.736135407186856217e-01
5.055327156974500635e-01
2.091048193288136403e-02
-2.486924120281002182e-01
-6.194858405711034521e-01
3.096241421918433101e-01
-3.338889093534278540e-01
-3.641635744638189731e-01
5.642570452085513555e-01
7.992303441518795459e-01
5.910517544847613269e-01
-7.964549176950737053e-01
-3.749619080506161328e-01
-3.577592332912065132e-01
-6.217114059314154950e-01
8.350041603862499162e-01
-7.506593908931735726e-01
-2.822615189863286744e-01
-2.461152993990496363e-01
-5.616648235017238644e-01
3.866671712202458533e-01
9.006985544386771902e-01
1.806279540131041639e-01
6.703344258494097208e-01
-3.517380489544468247e-01
2.898344247886925906e-01
-3.308599625691455159e-02
-2.996934126777026641e-01
-1.897330652920385941e-01
-5.110262288565061706e-01
-5.801675916101753927e-01
3.465786714870966456e-01
-2.018280619536936271e-01
9.172569499154530348e-01
1.526085000895298638e-01
9.163011767631101812e-02
-6.780130422823353875e-01
-2.694183366571512028e-01
3.183469596084449460e-01
2.376647579279029809e-01
-7.965839665760430233e-01
3.896847949101573949e-01
-2.598857142600237147e-01
4.932651504409735210e-02
5.333342150929827330e-01
-5.093158927763483668e-01
2.814931395182787011e-01
-9.754628831918188414e-01
7.577273274107914069e-01
-3.972465663913093969e-02
3.489448295014585533e-02
-1.548134832583425435e-01
1.824750786535096481e-01
-9.258304496579983223e-01
-6.656657265483658659e-01
-2.062686744008352946e-01
5.971145627884004714e-01
-4.809861941775046557e-01
6.372373008705987107e-01
-2.874581883590172637e-01
8.996143868763137874e-01
2.713101256742347367e-01
-5.189090997499004043e-01
7.318317577946036323e-01
-3.610269521812607962e-01
4.618605347643820469e-01
-1.255906316084360874e-01
-9.725783849949907189e-01
-3.323378948465429694e-01
1.961634262496425585e-01
-3.558890828352092583e-01
-6.987595413094038754e-01
-4.581728282102723870e-01
5.235772420064923605e-01
-2.316775978478429199e-01
5.357695431966074118e-01
-8.886141602509904924e-01
7.222951892792157658e-01
-8.777798276251798093e-01
2.606450492596930069e-01
-3.714431390576067304e-01
-4.953862331871621283e-01
1.271855464144062697e-01
6.357375522706514293e-01
-5.141209737923526646e-01
-7.795074317096051253e-01
1.121738587902145756e-01
-9.842215517130452618e-01
6.606226281392764133e-01
3.878711903845573072e-01
5.473551148491191398e-01
-5.194241162645087950e-01
2.752332038281442017e-01
-7.782896221801405279e-01
-1.185270407955902883e-01
6.814592942757704552e-01
9.681131703663006238e-01
5.776621420568266441e-01
-6.244038712904811383e-01
-1.807063848221936997e-01
9.876455982424889868e-01
-7.185143959586244300e-01
-7.180352454086091907e-01
-2.948031100894354939e-01
-3.847198296566212150e-01
-8.929457274174348314e-01
2.794995193386491383e-01
4.053511727498371187e-02
-3.144512287326355349e-01
-4.202267905564698314e-01
3.019244866728272303e-01
8.658889345170943663e-01
9.536341613426047026e-02
-5.674170979902264378e-01
3.580166542273843788e-02
9.536280204311384789e-01
-2.841466604838469578e-01
-1.713267433946488172e-01
8.850076678552367682e-01
-5.273174419206962948e-01
-2.017835162568175633e-01
-9.611816682188445427e-01
5.794876534573667470e-03
5.050735994555808350e-01
-4.440278827107011494e-01
8.961366763021110238e-01
9.881300610786405425e-01
9.144750238217851379e-01
3.114488087844757835e-01
-7.360325040211290748e-01
-4.194383330981386049e-01
-5.680483903868269735e-01
-6.657276146207835588e-02
5.230748217860108351e-01
7.600200805352128608e-01
7.565611296760255122e-02
-9.858528907309687117e-01
-3.967639190873584187e-01
5.556906868769440067e-02
6.575033350517525133e-01
5.750010180489870670e-01
4.117440840753281428e-01
2.613882452078510887e-01
-6.501516470361992095e-01
1.966365143327259979e-01
2.888710423887792533e-01
-2.830844655999675830e-01
7.819242723743171641e-01
-7.188324479308416670e-02
1.182103443883630867e-02
6.499665067028179699e-01
9.182641027014464274e-01
-8.726999830178825412e-01
-5.349749508119332475e-01
-8.905554926119521042e-01
2.059836450478251813e-01
-2.417943316242405771e-01
5.586588742269613661e-01
2.964480842856618281e-01
9.390815012102449177e-01
-8.499692319648923799e-01
2.413746347891054800e-01
5.240967847549315994e-01
7.107120714560353214e-01
2.170350609406956899e-01
-8.105104016001791756e-01
-5.575259255804050351e-01
9.479827209007360977e-01
-4.559383089357496033e-01
-4.321170371413209921e-01
2.559944726208940313e-01
8.171771686688049652e-01
5.586522052207543165e-01
-2.932252465664868524e-01
-8.877952871906880095e-01
-3.856291717307527289e-01
2.135910516533656711e-02
-7.466094634236244421e-01
-4.330332472255671306e-01
-9.085503259174030344e-01
-8.668602409802044217e-01
8.086747546258898911e-01
3.727620345955280357e-01
-4.782899787023089377e-01
-7.880027170072878562e-01
2.639276219814050695e-01
6.074836641214376165e-02
2.648098506610456759e-01
3.317600262575082226e-01
6.978105525969213740e-01
-7.547602123176102573e-01
-8.737026174771751474e-01
7.652818487810468806e-01
-9.508018689146464641e-01
1.623728420287848806e-01
2.925522789865848683e-01
4.450467488998632870e-01
4.603988104772269718e-01
8.319670092082194213e-01
