2.346941098889652633e+00
2.951477333022007876e-01
4.842525023771198089e-01
3.332611514225019000e-01
-2.766243869159601410e-01
5.623880812861914436e-02
-6.800806545723880880e-02
-5.142831723420779877e-01
-7.465024482263942218e-01
1.530926836661765655e-01
7.273549633473999076e-01
-6.425408437674757778e-01
-7.758132111029172329e-01
-4.804490789637465564e-01
5.640593964438249674e-01
9.457108993106968509e-01
-4.558286828898656662e-01
-8.552916072476950404e-01
9.978370652999355439e-01
-1.559995026316074451e-01
-3.466415135277161053e-01
-6.095615069201496539e-01
-5.883894972572136783e-01
-6.047518898443289270e-01
5.884643399236968442e-01
6.463123035869300370e-01
-1.383340173950631247e-02
2.087901089658417142e-01
-3.322100248043340365e-01
1.498943748829286715e-01
2.428272794455006434e-01
5.737727970714301406e-01
-1.657905816370970342e-01
-2.733835537228217483e-01
9.452195626770336645e-01
-2.174650692441650879e-01
5.920954053691458441e-01
2.011274049572606692e-01
-7.862304268064184143e-01
3.673650453831278639e-02
-7.049460993560614508e-01
-2.465750243617037540e-01
6.270068476232173449e-01
1.982397001114410973e-01
-1.795576599352717295e-01
8.406184889584471520e-01
5.141095873476708711e-01
-4.141788119592118012e-01
9.976015160051117103e-01
5.583161461167642781e-01
7.681197153585959114e-01
4.254403193457045873e-02
8.532427594693199335e-01
-6.760762360749297262e-01
-9.809689271477606276e-01
7.132352091491103163e-01
4.084096375799548539e-01
-5.184901655812101939e-01
-9.423975603611614016e-01
-6.141881445225672032e-02
-3.821387442607728779e-01
1.480254877704845207e-01
-2.510288606673980460e-01
-6.576507572098113652e-01
8.067468816683025512e-01
3.069992861521844141e-01
-2.195641142382152022e-01
-1.913789757621944254e-01
2.784720977590968705e-01
2.546185729849934631e-01
-4.146985731799572861e-01
-5.709389041816397281e-01
-8.550275091380143966e-01
-4.731700145162516247e-01
-8.231390368711928307e-01
-6.857211282972368593e-01
7.822391687681409245e-01
-7.873779408978487382e-02
1.276569839705723464e-01
3.249023485238422548e-01
8.366402191972410751e-01
-1.933034971783098577e-02
-9.101827086663289990e-01
-8.649378377749150637e-01
2.303047916225979819e-01
5.764084978330665798e-01
4.238954084863861826e-01
-5.607876841357097852e-01
1.032156323002300091e-01
-7.617174562838702201e-01
-4.817764119203518103e-01
7.366741145373003619e-01
4.759088979115619900e-01
3.665994335885243149e-01
3.922520862671989850e-01
3.306050900270858239e-01
-9.693927122373153793e-01
4.487279103206045505e-01
-2.084486004267704917e-01
-3.293161875419525764e-01
-3.138450058220572103e-01
-3.099716663783780302e-01
2.596881204709220459e-01
-1.405158595331390536e-02
-9.886008886380881489e-01
-5.092520312905921553e-01
3.126836829239088011e-01
-2.715963818537587837e-01
9.549747384149782636e-01
7.232771857315303254e-01
-3.147746885080269230e-01
-2.038704304486858021e-01
6.288854045578540219e-01
-4.778630093444997673e-01
3.023864892088035106e-02
2.678661702233986475e-01
-5.666730628701293071e-01
-1.155487836174766691e-01
2.299127751336826897e-02
4.868799821951534934e-01
-7.910739255915846257e-01
1.218547990728584551e-01
4.120197861248451332e-01
2.820456486375773064e-01
5.074979052642580868e-01
-8.167928517854561310e-01
-2.940069856302467421e-01
9.657993735972350002e-01
7.932807245930413309e-01
-3.420359930555665340e-01
-2.087090965613676019e-01
5.270384963142715762e-02
-8.365553737381810073e-01
-6.516663289182638152e-01
-8.033351446268410800e-01
8.847027566293514944e-01
2.767812029747049873e-01
6.475857021590523122e-01
9.539918964982585514e-02
-4.541151261691491747e-01
-3.703944376926209259e-01
-4.533420565989352280e-01
-4.037822869302551965e-01
-5.469171324095007947e-01
5.638218979552813703e-01
-1.952659890657961750e-01
-8.029967900848775653e-01
-6.033194778307682249e-02
7.292497270417181987e-01
-6.364721626029634649e-01
-1.654428196187689437e-01
1.220397495050713488e-01
-4.510524497496108953e-01
-3.591416332813186507e-01
8.807378222106072574e-01
4.809795802099596784e-01
-6.447177877013563485e-01
-2.672681537415473318e-01
5.301882929237560216e-01
-9.682670987092407699e-01
-3.882642290112769956e-02
6.659192006960212851e-01
3.538259480514147626e-01
-6.328058363730943991e-01
2.633557669453265859e-01
4.871895576395053329e-01
6.719127031480047751e-01
7.565466701588654530e-01
-3.308290462182312819e-01
4.332137703278990948e-01
-9.325098969987559716e-01
5.694214456020603166e-01
-4.663909781702464397e-01
8.750899995538274911e-01
1.036067177430946007e-01
3.682148070339705814e-01
-4.123846578924719175e-01
1.006232629055663352e-01
6.453727541491429687e-01
-5.822780561733802429e-01
-8.075457878394669553e-01
7.761179480188959978e-01
-5.246048290704741213e-02
2.342933721663003066e-01
-1.702242150165118595e-01
-5.450668981154596082e-01
-2.183332148915928528e-02
5.702371822984926286e-01
6.245679853285137639e-01
-2.529635911478946841e-01
5.531963421080718923e-01
-4.940794804798851469e-01
7.676282343788676243e-01
3.071405420334993863e-01
5.040003747878685214e-01
6.213862532251801518e-01
7.542486046067282679e-01
8.388430654001879372e-01
-9.456682374532048296e-01
-9.232563537984339597e-01
-6.505887859577579313e-01
-8.913400753658873299e-01
-7.663017267377258968e-01
2.136666785290355364e-01
3.604179569772669733e-01
-7.954885606446016055e-01
6.232182893206958951e-01
-2.938129337783457196e-01
-4.790995681804102180e-01
-7.298037399125416602e-01
-7.200039768911890015e-01
1.125521395627653298e-01
4.765934083598142301e-01
9.553542951461206911e-01
1.170819603302404310e-01
3.482121876290711349e-01
-4.666794130044158440e-01
6.774810490623779380e-01
4.182948228046723393e-01
4.162052875691593101e-01
-9.935438806149814450e-01
3.366445617752902297e-01
-7.881286965649425547e-02
-1.962878944635009226e-01
6.334323262823322587e-01
1.719856326689894743e-01
-7.896905762133161755e-01
1.720223429579676999e-01
2.535066255638802613e-01
7.254829229419472725e-01
1.671746733977741428e-03
-9.632299578486323011e-01
2.891638921664252404e-01
-2.700782049906924609e-01
7.260162643934202631e-01
-8.341474906912398346e-01
7.119128725785717204e-01
3.797337644964942083e-01
6.824391632969115662e-01
9.026032718404697341e-01
-7.997275013022269174e-01
1.566934701886570913e-01
-2.683031243383440234e-01
-6.181425820619714795e-01
2.469257106774223054e-01
-4.361387872134430133e-01
-3.701183416598987641e-01
-5.309604610626923460e-01
-4.891894441746158506e-01
-9.212013018916906937e-01
-8.271482214549670253e-01
-8.998111607289258629e-01
7.261405546001880040e-01
-3.313042308126799007e-01
-3.805986687346010200e-01
-1.069120604879010283e-01
4.286623473610873258e-01
-6.978900357544359778e-01
2.494491200264721265e-01
1.540302017741708163e-01
-5.553008228493516718e-02
-7.370090788699381612e-01
3.265770427710450452e-01
9.144486663976998386e-01
9.844701940973998866e-01
