1.864655411786034556e+00
-2.919167615890749801e-01
-2.977891953702507255e-01
9.189439120377929093e-01
9.811498119102561866e-01
7.750956763172447417e-01
2.315721029373141171e-01
-5.208376993110386266e-01
-4.982414246685076264e-01
-5.328832570531223389e-01
-3.173018681115775674e-01
9.481207994953575469e-01
-3.827875536909228771e-01
2.575938249934279778e-01
-2.794695491019005829e-01
6.809896579863212729e-01
-3.167048521908033543e-01
-7.079673759756377471e-01
-7.607913053413764004e-01
2.907364019444116376e-01
4.170755128712948512e-01
-9.401378258606418736e-01
-2.598706576539295821e-01
1.632422899463175092e-01
3.799176845255074486e-01
9.632177856646064740e-01
-7.327473671768256480e-01
-4.637996379504270017e-01
2.882123604688282548e-01
-9.070868916136087812e-02
-8.242611456895021504e-01
-5.544984004111093157e-01
-7.548486788748531851e-01
7.634269219686129482e-01
-8.849436223510720456e-01
4.182829125597173903e-01
3.468093493635999724e-01
9.561207863231622195e-01
4.980925306934180785e-01
2.631375080452911241e-01
-7.054390442050413323e-01
-4.000679205269643823e-01
-5.465224796149714681e-01
2.348459323649763064e-01
-2.366413651007781560e-02
-4.149090017903465100e-01
4.026745881496731627e-01
6.771696113996115152e-01
6.009900364293805364e-01
-2.266777185044397402e-01
-4.291461898761226301e-01
7.546220055142494054e-02
-7.155905748341166994e-01
8.008063630531505606e-01
-5.997670175497353817e-01
1.755898740499655108e-01
2.054263792211750150e-01
-1.849918387428322042e-01
7.358491953166417243e-01
2.769806039338060799e-01
-6.713451007375794699e-01
5.774851873703092942e-01
7.412984389815047148e-01
3.110893599068476068e-01
-1.321336901366412242e-01
-7.629006624990106733e-01
2.913718018696944689e-01
4.221760495002668812e-01
9.429888919942712722e-01
-5.898796309706304530e-01
-5.845059005131771901e-01
7.829976825832791754e-01
-4.408685726908181390e-01
-1.800813982525439894e-01
-7.197550780781281077e-01
-2.690498915950469971e-01
-1.624369782114836180e-01
2.322904258115097154e-01
1.048070769898636900e-01
2.901642810486926294e-01
-6.529277878737360652e-02
-9.895866640030082095e-01
-5.919884222980369426e-01
-7.116046798401054474e-04
-2.182135601133223801e-01
-4.447014285143935375e-01
-4.103077243300465859e-01
5.427908879885847693e-01
-2.552504229337415609e-01
-8.401258323375671022e-01
-8.330845442368564058e-01
6.596805923716366760e-01
-9.267758962029735148e-01
-1.607417313602332865e-01
7.718427962308513912e-01
-2.316222388912230201e-01
4.533940508193246011e-02
-2.358716694790716772e-01
-3.491434088929676882e-01
1.665797779979911741e-01
8.710792423197928347e-01
9.971259805450460867e-02
-1.337321791291741224e-01
8.432894364587872893e-02
-2.298983714521072308e-01
-6.136301759346096674e-03
-9.410870874406231934e-01
8.834796657371815076e-01
8.971567441525107878e-01
8.745438305171051585e-01
4.072456595700391091e-01
-5.661375458796407134e-01
-9.618295181753029333e-01
8.188414361580309553e-02
9.431315579039387664e-01
-2.745409385247525869e-01
8.746441617228051246e-01
-2.598999648666866502e-01
-8.625644399588858757e-01
-1.880159225886117724e-01
-7.892865471315113624e-01
-4.172673005765266119e-01
-9.097933202210601866e-01
-6.712373595299925277e-02
9.588892551122043528e-01
-5.322900874183442710e-01
9.333261798626204531e-01
-7.942194928489443306e-02
8.840291076492994282e-01
-9.438238342622020660e-01
2.087264166261009191e-01
-9.417683027528096495e-01
-3.184784442648278535e-01
2.144805341284345968e-01
4.911151208020243519e-01
6.302154345295412075e-01
4.859912988771859510e-01
-6.254468519051092912e-03
-3.783197592166536172e-01
2.021674342316366335e-01
5.543411733129293140e-01
8.015005742399106126e-03
4.672084456679406195e-01
-8.234236707281739065e-02
-7.507079601341057895e-01
8.158009040333946693e-01
-8.723106952030044159e-01
-8.962472679896340555e-01
4.692883577462203526e-01
-8.709903677340189443e-01
2.028322915346556510e-01
9.879402708868578742e-02
2.886685536788986539e-01
6.231269625528224054e-01
-8.305509674020734590e-01
-4.379365493167934886e-01
9.628626811356726378e-01
-6.024693223316319735e-01
-9.813983772841665676e-01
5.157320062746162392e-02
5.296749867791110677e-01
-4.797514983001458511e-01
-5.066104201266246054e-01
-5.778293656945348022e-01
8.195421286112103409e-01
5.173769688593781169e-01
-9.756069598307770541e-01
2.423541385728269493e-01
2.319564999173824305e-01
-7.549647799209890930e-01
-7.626893937333785178e-01
9.249364596372071645e-01
-6.764250524289483479e-02
4.291637805708654607e-01
-6.732714746123573679e-01
-7.701462161572281140e-01
8.496913267319967655e-01
3.823356525590071442e-03
-5.352802321479452896e-01
-2.219948330530183700e-01
4.820488568669913931e-01
8.153414049883545012e-01
1.779655867200811148e-01
-8.109635441563454172e-01
-9.226820731349572036e-01
2.140137809571340810e-03
-4.343961392145110345e-01
-6.412465044151143267e-01
6.996290012840886696e-01
-1.687693436497308408e-01
-1.672872963490987797e-01
3.959818230752951695e-01
-8.529347416702499629e-01
-4.282546325845757451e-01
-8.822547095967192554e-02
3.475081535898691953e-01
2.652408038961739933e-01
-1.067305319979336975e-01
8.576496725457551928e-01
5.917817879535962611e-01
8.549763906307152883e-01
-2.590358979824551877e-01
2.387799275767616969e-01
1.245483377060583319e-01
-5.974095711479732174e-02
-8.340892424736932043e-01
9.007028931592344634e-01
7.321375500758664501e-01
8.020297688560393823e-01
1.609948987601919068e-01
-9.195605359084300101e-01
1.392649954452207517e-01
8.990400641632616541e-01
8.066414969486039865e-01
7.461921713493120389e-01
-3.071218735231242558e-01
-1.125554011975702373e-01
-1.031998058758967218e-01
6.011453074289003773e-01
-3.281080987021782747e-01
-9.750822175008209136e-01
-5.329208575028501205e-01
4.152305749515181610e-01
2.653239119223491649e-01
-3.318413157998039154e-01
-8.887547054658659906e-01
-8.315793577817234272e-01
1.262834625265076838e-01
9.786547046027611607e-01
8.875884745931881259e-01
-9.779992520804146050e-01
8.109266560889063502e-01
-8.113942352572289796e-01
-3.516467009896677709e-01
-4.815384736442325231e-01
6.213249438491266208e-01
-8.082393318765299650e-01
-3.658723659110629800e-01
7.461109828098280161e-01
2.320744469801772070e-01
5.054143489771132369e-01
4.919405195362624994e-02
5.305378820661417194e-01
8.062580367999228059e-01
8.003916645219795178e-01
-4.901810494756968506e-01
4.015749153196956911e-02
7.332815546997630829e-01
4.104059858369550895e-01
-3.198700046640894357e-01
4.510813900298800139e-01
4.583916043811933072e-01
-3.395747911892723625e-01
6.305638763906931121e-01
5.475592293254234466e-01
-7.289477764850516017e-01
-6.495365423211660882e-01
-9.184489935608386446e-03
7.990800366539552169e-01
8.570544216366287049e-01
3.572085926520995880e-01
-2.609394272297327344e-01
6.542470975611831552e-01
-4.201888772656627857e-01
3.482119554726046395e-01
