-2.971511899333711959e-02
9.350776999615670881e-01
-9.222118617811214669e-02
7.759592015151692834e-01
3.243337037921383281e-01
1.273463913650481061e-01
1.678308173383287194e-01
-1.216756209055636084e-01
-8.434594315531476205e-01
-5.478072902301889258e-02
2.831013319218842472e-01
-9.673929138434353980e-01
5.947864911658180542e-01
2.496809497603023065e-01
6.803426388054834018e-01
-7.957913200160373624e-01
-3.847034966267381950e-01
-1.921576543185479213e-01
-8.151680465248645202e-01
1.877689333827832208e-01
-2.520983857220189250e-01
-6.615688005092321688e-01
-8.306990466067782908e-01
8.973531754483716760e-01
-2.193343734723887106e-01
-9.564874834172332196e-01
-8.130599687171875534e-01
4.147965564505615710e-01
4.304441978525506141e-01
-8.482401893223534550e-02
7.046321328090754399e-01
-9.058178240815089044e-01
3.965821981902117876e-01
-4.649145163128409752e-01
-1.432296535244996782e-01
-2.138482166283945940e-01
-2.193260388055029431e-02
-4.447996100741782310e-01
-4.800021704772774456e-01
2.128137345887550769e-01
4.732663995019816827e-01
-9.658245855405525049e-01
6.798357308752007722e-01
-5.383321084643692966e-01
2.748496756776634964e-01
-7.885419282171066691e-01
-6.839531118994117698e-01
9.360666476488896937e-01
9.576000396546571203e-01
9.128144493503913548e-01
9.197270048482129035e-01
-7.277401026098657688e-01
-2.294995837570534825e-01
-2.403688725015944438e-01
-8.855596897408872792e-01
-7.751887759775990538e-01
3.451948321947952980e-01
9.801842896912189573e-01
-5.248509266323191369e-01
-6.429508422071779083e-01
-5.958681491168249522e-01
5.722128446396563817e-01
6.111848622474158610e-02
-4.494540009851817342e-01
9.096958607464942226e-01
9.858821685023730907e-01
9.462523622618370656e-01
9.815532735700458478e-01
3.101933669907586122e-01
7.363288772335230270e-02
2.681116458897667698e-01
7.042281046750287210e-02
2.458757306622350036e-01
7.074833434150051836e-02
-9.869585985556506014e-01
3.536860429831585328e-01
-5.528887056974343128e-01
-1.012822909535691096e-01
-4.470735839352086849e-01
6.175795355222493122e-01
-1.345504379491411218e-01
6.914135958564029405e-01
9.238256838320362263e-01
-8.339578945269139343e-01
-3.735714824794715838e-01
3.444337044065253206e-01
4.875672142461993097e-01
-2.856819796324245875e-01
-6.426847508637143491e-01
7.066337853685620285e-01
2.451591642227370915e-01
-8.750250124268468266e-01
6.887856061777701822e-01
9.910130472620670705e-01
2.523492165232819051e-01
3.018461121986655282e-01
-9.345364130436641936e-01
2.969365161046246815e-01
-6.987408062826738764e-01
-2.474872523252873435e-01
6.371299304284749887e-02
4.528291985931143238e-02
-2.360918236393547698e-01
3.884775504106623423e-01
-5.421579994844889505e-01
-1.496930965325571350e-02
5.320861709476552015e-01
6.368072289018238408e-01
8.021455064009861413e-01
6.366247059792458085e-01
-7.211559678078116598e-02
8.752655866509553295e-01
-7.081590768168433137e-01
-1.457876029967077880e-01
7.955874829505800161e-01
-9.378270734330786951e-01
8.960439105381166058e-01
-1.477421543816781480e-02
7.433664242041637671e-01
9.786421135728387011e-01
5.174264306970364213e-01
-9.512572176480520447e-01
-5.756121847961259697e-01
2.769487914124018069e-01
-1.599254366882409961e-01
-6.750758732976636090e-01
-4.433948272802905599e-01
7.046377789089124377e-01
-2.296894635548556440e-01
-7.115658427319617729e-01
-1.826637489456819363e-01
-2.853096592082891014e-01
-9.091689946692405044e-03
7.393171421750224237e-01
9.817332006615642204e-01
-1.862743967547717538e-01
-5.609767926233129032e-01
-3.386646655553098295e-01
-6.963667047743051786e-01
-9.548281714065520731e-01
9.533175987666135942e-01
-7.869825169516679875e-01
-1.975922705281916159e-01
2.876488372054701870e-01
-7.681203400313523222e-01
-7.925600826502530172e-01
5.842568100686285071e-02
-3.799647788972193574e-02
-4.537622649753518811e-01
6.308087865035094666e-02
-5.260016698393819023e-01
7.939261275702691467e-01
-5.251589861026495498e-01
-4.451006148722651545e-01
-8.635687161075433771e-01
6.749061305914632047e-01
-3.834708759242584364e-01
6.674260449086404368e-01
7.412816161088757738e-01
4.468641322706188301e-01
-9.777276044857436954e-01
-5.091951144549786701e-01
8.930015848901500242e-01
4.406733676271692435e-01
1.243109958284160932e-02
7.394106020218453867e-01
5.257604158709929809e-01
8.138150289310848162e-01
-2.866204805728660432e-01
-1.616028347695859235e-01
-7.527963931736816328e-01
9.331983774872012471e-01
9.396639377894091538e-01
-8.526768069047259146e-01
9.543660691323725409e-01
2.658658431144829137e-01
-7.601189184646732766e-01
5.564908259767697984e-01
-3.089618401626237354e-01
-2.407167700450634218e-01
6.858865370304814135e-01
8.027663359233876417e-01
-2.364083411845618876e-01
8.841405429648752090e-02
8.240128097362076076e-01
3.938482858053227176e-02
-6.875079712976819302e-01
-4.520906803232185300e-01
-8.357723861748687089e-01
2.228910536856729685e-01
2.253754905538578601e-01
8.230184954853110302e-01
-1.389179117158831911e-01
-6.060614636337557926e-03
-9.884744522707638037e-01
-4.791813839207985648e-01
3.323146428058503243e-01
8.372944977439209513e-01
-9.766848053887888792e-01
1.457062314961521388e-01
-7.605545749866380323e-01
-2.265585520968553812e-01
-3.249495450129864516e-01
4.692372947401213246e-01
-8.671249171382970911e-01
3.631408842966399320e-01
-7.456507845917337285e-02
-8.223102634792320842e-01
-6.692191835066105821e-01
2.087500309057865877e-02
-7.284269477345104438e-01
-1.894828957819951754e-01
-5.327805438503487867e-01
-4.685249520837755366e-01
1.316592192357128877e-01
-2.874443334617393653e-01
2.714902250053330413e-02
8.120337010346634354e-01
-4.477922924980850539e-01
8.487020244022203119e-01
2.275242268811594748e-02
-2.375457231160826854e-01
6.940868826191037844e-01
-5.770810964468360282e-01
3.756138553502632593e-01
5.144685165608751110e-01
1.719148424149812282e-01
2.048834570010877876e-01
6.074097303237613321e-01
3.414867121290126040e-01
-2.781955351870968318e-01
-8.250877171401196364e-01
5.597555804439315885e-01
-3.189774604672734881e-05
-7.467568020855650524e-01
-2.726888837205103666e-01
-5.175027299963281813e-01
5.651326151730100555e-01
9.915294210903025096e-01
7.194713294820525018e-01
2.038972987240379453e-01
-3.813865701658911700e-01
5.206271081839719539e-01
9.307838020325651662e-01
-8.407571541170111296e-01
-9.595398686638887398e-01
9.093227107160295475e-02
2.880719495903116822e-02
-2.442721798312936787e-01
-1.923950738614634837e-01
-9.434488047779079345e-01
2.090507570181368013e-01
-3.565852955051951323e-01
7.399911409163073550e-01
-5.169304393991351887e-01
2.429626956582953135e-01
-5.887529305895533582e-01
2.834849375777168667e-01
5.351285046733562645e-01
-1.573990045282309680e-01
-6.136573280242660910e-01
9.641208398280738390e-01
5.021102334095950415e-01
-3.293886228602005417e-02
5.289790587017515477e-01
