1.641016348263095725e+00
1.275861127410558016e-01
3.227360943882493505e-01
3.661415021622935750e-01
-6.371315674414204100e-01
7.433134849899880603e-01
-5.130146865644535925e-01
3.648320485513347755e-01
7.591618485016344842e-01
4.628230703287581349e-01
2.382095523391789538e-01
-1.575450816926553532e-01
8.767751565836741090e-01
-9.599547808842388008e-01
-5.937682687177237018e-01
9.959211180451588152e-01
5.586013839499510691e-01
4.628055466374236815e-02
3.177811960868499597e-01
-8.320216705635989918e-01
-1.744666972874899802e-01
5.489387744275051606e-01
4.408739480878893779e-01
1.412756976351465799e-01
-9.595373919751537528e-01
-4.373260556469453775e-01
-7.687535549464894480e-01
8.031824274278349662e-01
9.178301822519885356e-02
-6.761331013357922970e-01
6.192699059031039344e-01
4.798703829146213629e-01
8.232635621022070804e-01
9.088101067775777864e-02
6.918570126848095914e-01
1.550817258544039401e-01
9.093788152839992200e-01
3.096976633126686806e-01
6.833923766997784810e-01
-6.314674757949545469e-01
-9.665361002068866281e-01
1.322046368828337926e-01
-3.580480591160695170e-02
1.560259716103491456e-01
9.886765934671335465e-01
9.714223486814770325e-01
7.821254820988257084e-01
-3.614038344780421408e-01
7.202527780493914733e-01
-3.766329206114267247e-01
3.529095192443658657e-01
-1.536281940056156703e-01
9.462453486271635850e-01
-3.713453443382983554e-01
2.820208521126412737e-01
2.398235409961491094e-01
2.107488149382374942e-01
-6.371313473179682774e-01
2.525924058936046546e-01
9.910462348679072164e-02
5.319019245537555118e-01
2.983183291091926481e-01
-2.766488452040829493e-01
-7.533193134194431373e-01
6.225420404394887974e-02
4.973590475678224543e-02
2.883832342118597403e-01
8.014458613306063572e-01
8.478289135216601213e-01
-1.643364523627588447e-01
6.376581565460246459e-01
6.848615241882722859e-01
7.728927613189418011e-02
4.744095664753045227e-01
2.631667819923551033e-01
2.160027561151891540e-01
9.172018872192757577e-01
1.163394205593273334e-01
6.488777940843268865e-01
6.028243570507354487e-01
-6.673415240899274181e-01
4.601250649293686656e-01
2.057660472756794867e-02
-4.057256950922774053e-01
7.487476420414540534e-02
-3.059894972373824462e-01
-5.937650920538444232e-01
6.811787822836474771e-01
-2.256626916715733788e-01
5.184165782971938974e-02
-6.878052801306302477e-01
8.325298354437389303e-01
4.209668452442938413e-01
-6.682454605279204429e-01
-6.003267973283714642e-01
1.006980322917852000e-01
-2.483121279669737724e-01
4.043181525592804970e-01
-8.153205867205817192e-01
-1.335245067413992626e-01
6.271176432986922400e-01
4.029510464820045268e-01
-4.482038580595448796e-01
-9.748628715824760871e-01
-7.119672784944057753e-01
5.627519761382733243e-01
-7.588063206104873615e-01
-8.380527487659941155e-01
2.561014703052779673e-01
7.193861321331993519e-01
3.045130008746779193e-01
-1.668184347684640301e-01
1.029620150549033220e-01
3.551170357613784301e-01
-2.632171896631623209e-01
9.030838509870731112e-01
-2.586611840020098807e-01
-7.987180317723279188e-01
-3.489197843930333942e-01
-7.577104661170797062e-01
-2.414107233364801708e-01
6.186888419537655004e-01
-5.376544625687029733e-01
-5.794534970688509645e-01
6.055441810269914793e-01
5.573950277722814484e-01
1.540337393722097659e-01
1.469385063720016760e-01
8.566108834018217877e-01
4.284001184665575668e-01
6.193552310028624941e-01
5.877348108899660417e-02
5.336982285050619890e-01
-8.033069422288674488e-02
-3.165121452722052808e-01
2.537621792487445571e-01
-7.466681113294337813e-02
-7.443096556522554863e-01
6.022735923524213941e-01
8.433053520972830785e-01
-9.553844125556925082e-01
5.951754448946804388e-01
-9.233103506796396243e-01
-3.429799806010640495e-01
-2.593285085550074420e-01
-8.619402114570908768e-01
3.162323217714122503e-01
8.626613853681761590e-01
-6.091048178695424031e-01
-6.445441167411960492e-01
2.033120188962105335e-01
-5.961576802969030808e-01
-1.685877527756958205e-01
-8.198265123155505929e-01
7.609729563630200921e-01
4.981957879007634649e-01
5.794434264508014909e-01
-8.709137779054803019e-01
-6.927504051705508648e-01
1.523502331277493127e-01
-5.872229219399487388e-01
5.754964416631398461e-01
-4.656516078596391051e-01
3.974467525556812930e-01
-9.911117723635425314e-01
6.255362887374376069e-01
5.640917208984319586e-02
-6.605861501246319545e-01
-2.818397062392707930e-01
-7.352997314247753380e-01
-2.336469669199472410e-01
8.880834542749047600e-01
2.691626843671124369e-01
7.517312940868334792e-01
-8.417267875575655811e-01
-2.507921738693497105e-02
-5.177431947791308886e-01
-1.641538767186070391e-01
4.473788957537150335e-01
-1.989928819929176473e-01
-4.372240311321686779e-01
-9.766565203558208452e-01
1.633379256282614378e-01
-1.522405257072654283e-01
2.174781522394719779e-02
4.797358270603948593e-01
-3.975924776623265267e-01
-3.413959317963621842e-02
9.053981408593301250e-01
-7.199631599006908189e-01
-4.896531677331383836e-01
-5.700869719301238092e-01
4.286020210203302927e-01
9.529294976772066939e-01
5.791862602884805256e-01
2.525256091952581272e-01
2.822748905810434916e-01
9.438893217284594073e-02
-9.506653056032978721e-01
-7.967652435210339501e-01
7.978383639577344422e-01
4.528691971526366267e-02
4.320980808475203272e-01
6.110363330505517165e-01
3.028598971348375191e-01
-7.427359898653873582e-01
-8.037474870205709720e-01
-1.655596868182278580e-01
8.545875412845098662e-01
6.628248563093952495e-01
-3.033334580358271193e-01
1.204130776963747707e-01
5.059016678593715177e-01
8.266970318887383318e-01
3.086936435144240765e-01
-3.044741647505770921e-01
-4.348266391556800947e-01
5.533526840337130714e-01
-5.412844749178165049e-01
-8.929884338616171924e-01
-5.846280203972724632e-01
8.748559325942897313e-01
4.572989534062508188e-01
9.090302895261219707e-01
6.385474079106168155e-01
-9.789383184634841140e-01
9.577249048319469438e-02
-6.605195825144929422e-01
8.414979752650100231e-01
-5.660530608663767449e-01
-2.876129767849038288e-01
3.138091473828130695e-02
3.842951898294311164e-02
4.509172328004140695e-02
7.431969001561067323e-01
-3.240045398479176608e-01
4.917631810492324451e-01
-2.264969217926831035e-01
-4.899824450692951139e-01
8.873097200102930682e-01
-7.053219452716936733e-01
-8.281623501574912893e-01
8.903593534466343051e-01
4.230162618276667175e-02
1.495406930780796007e-01
-7.298797808486741090e-01
2.847081831474300717e-01
3.342616720795847929e-01
-2.769186446159839221e-01
1.948148267366625053e-01
-9.938850552366271796e-01
-7.525794601463404732e-01
-1.798145042285015371e-02
6.431695359979459070e-01
5.389090158529254992e-01
-8.226489063662563161e-01
-9.560208234939500116e-01
7.054216584301988835e-01
-8.800858599719483255e-01
-4.346035903378593357e-01
3.449697795577653103e-01
4.414795065625098935e-02
4.411356578758771629e-01
4.075657117945925556e-01
-5.675000437170534262e-01
