1.288987755755614417e+00
9.678774072841749287e-01
-1.094191180200418945e-01
-9.493260435625701099e-01
4.532894068658861464e-01
-3.920177702698703914e-01
-4.539196794516804356e-01
1.805217701877350756e-01
2.365803482437074390e-01
-9.624671292060540395e-01
-6.917311519536184505e-02
7.503892164255794306e-01
-9.212288302061621970e-01
2.514316998656058733e-01
4.245733197208756415e-02
-7.708772702356263551e-01
7.828069873917975485e-01
6.968829853191125245e-01
-1.816699704610984512e-01
-6.904654904997247211e-01
-5.140784643087077388e-01
5.473628201608906618e-01
-8.388168501440596003e-01
4.313359385263983992e-01
5.623629692151195236e-01
4.283661707814550024e-01
6.939497496177975400e-01
-8.995007031508861495e-02
3.638813722002387507e-02
1.270579434033645150e-01
-1.977980358391340232e-02
5.288621999544902419e-01
8.847198543208072419e-01
6.250346000557593928e-01
1.063082962940464782e-01
-5.536527050064870004e-01
1.374582774679555808e-01
2.003603230686166192e-01
-8.521375886341380212e-01
-3.451599508183356146e-01
5.408350654903164578e-01
-1.387931429133626438e-02
-3.876440059070540567e-01
-5.321962778167272923e-01
4.640990206528599060e-01
4.429950565478040225e-01
4.523898630973379742e-01
3.168702563997380928e-01
9.781677209965562447e-01
-1.139878731135897105e-01
-3.129378141841221428e-01
-5.423134884531537470e-01
9.679992247205009281e-01
-9.735769963793041715e-01
-3.649957337237383914e-01
-8.512513327817934350e-01
-5.811223116525998655e-02
8.698459224960952696e-01
2.929471142023463148e-01
7.462321819566688497e-01
-1.257107906662562335e-01
9.960536491624110145e-01
-3.509881107165542247e-01
-4.750202548291364568e-01
4.425647081369803448e-01
5.633951550367317651e-01
8.507555402429933800e-01
-5.972056031060635206e-01
-9.806115793155232296e-01
-4.937399742554016147e-01
5.941491417694311217e-02
5.615201394229485388e-01
3.316299973812049107e-01
3.565054653927608452e-01
3.095062440260674119e-01
8.890662536769897706e-01
-1.650976565983683919e-01
9.031171766710550664e-01
-5.728877532447995691e-03
9.614911647579067466e-01
7.032088504024667230e-01
-7.116346936812494306e-01
-8.411760799097738328e-01
-8.147981917223299231e-01
-9.427225320622958371e-01
8.353982460115445541e-01
-3.081216825229513567e-01
1.581567216504520257e-01
-7.629028338846934876e-01
6.280792943118729266e-01
3.809936608246413670e-01
5.392069591208401569e-01
-3.482984613050379430e-01
-8.794043122162940040e-01
-7.242268449599631452e-02
6.503687512606992627e-02
-4.108375029163073844e-01
-4.389120392174317153e-01
-1.704799574573190313e-01
8.986814086225598519e-01
5.314394715401884461e-01
-4.401295003984748710e-01
-7.963503732174586069e-01
9.778722734244891246e-01
9.857392814296881411e-01
-4.046442306229685038e-01
6.704437914767931161e-01
-9.694964846829203786e-01
-7.783007136785635716e-01
-8.606876139768655509e-01
1.984359143180798313e-01
9.370229631346456145e-01
-6.062506316695408515e-01
2.338735126009490184e-01
1.656502817970739727e-01
-9.715673251403389443e-01
1.171558404396311204e-01
8.034220007579038203e-01
-7.919559622085694528e-01
8.851437344602119950e-01
-1.903903269708691059e-01
-4.572876677604142959e-01
-6.572228365676171524e-01
4.343197052876954789e-01
-4.272892935082519550e-01
8.557427143973050931e-02
9.051953529962002420e-01
2.304915523495123519e-01
-7.245514959411469835e-01
7.684966157673436271e-01
-6.030519297839316284e-01
-7.556560935341234408e-01
-4.007793860611010839e-01
5.264671833333751660e-01
2.745744616261451831e-01
-7.541090270096646453e-01
-8.367804303524057907e-01
-7.101555553965157586e-01
-8.479243077562315101e-01
8.463072983024773066e-01
2.116082554000693339e-01
-7.274758306114581519e-01
-1.689914217745780434e-03
7.482531530121028229e-01
8.416412302583873295e-01
-8.166456190622994882e-02
-6.907071393314141439e-01
-9.723327711461478007e-01
9.335769266938738209e-01
-8.286800469419348669e-01
-7.965231835778336933e-01
1.169803815035348471e-01
-2.716588501372096953e-01
-7.423511171582304335e-01
-2.104700288071370551e-02
4.425837048417782249e-01
-1.966322750186637602e-01
-3.826953241216062285e-01
1.094125835428079174e-01
8.336833607894125198e-01
7.026531891418565934e-01
2.604455529620217646e-01
-6.500616630568025744e-01
-7.738879422782898310e-01
-1.971923202797458696e-01
-4.779423636919100105e-02
6.954724836305401503e-01
9.587195297448924958e-01
3.107336579759700790e-02
1.647620043285480396e-01
-6.661135281970678168e-01
2.024312062601076878e-01
-9.164380760196162434e-01
5.414561435870410833e-01
-5.068680662895765909e-01
-8.182873046158207764e-01
-5.358353609527997108e-01
-2.861500235947311843e-01
-9.602205433966906067e-01
9.291346272582967636e-02
-2.139732310572444174e-01
9.218525339433187860e-01
8.757076578479150442e-01
-5.340673516133032095e-02
-2.487207992377140631e-01
-8.989351445394504481e-01
2.024777981814573913e-02
-4.301141093538509708e-01
-6.804027317047229850e-01
-4.626742044553280309e-01
-4.350327622024010576e-01
-5.900495731837507307e-01
8.750806292957571397e-01
-9.535774730840076430e-01
-7.778048021143517676e-01
-2.282149836281786026e-01
-2.480771627422020398e-01
-1.803737478711096021e-01
6.808283117937137252e-01
8.879988422196019027e-01
-1.057237461035780424e-01
-1.532035538126528262e-01
7.440137815702010382e-01
8.037097880296173447e-01
-1.801684776142531419e-01
2.021111996696167701e-02
3.307412961458024991e-01
-1.861510866684668031e-02
3.572728397633719855e-01
-8.997814037166036449e-01
-9.595603302428385994e-01
-5.633001394068692935e-01
4.690679517956102274e-01
-3.616624828026144822e-01
6.956622663811380392e-01
1.984902830450223643e-01
3.283624670625773234e-02
-6.099499423218055494e-01
6.133687184906773116e-01
6.922338003503967219e-01
-6.845783149728592587e-01
5.391387873916411166e-01
-5.946608702639826216e-01
1.562231090545882495e-01
-2.726199792060481908e-01
8.197360552934764844e-01
-9.956346358066614499e-01
-2.197866689405940654e-01
9.841200693711300573e-01
-8.769131086109864803e-01
1.745019271023002805e-01
-8.187786533538514711e-01
3.830026066061544832e-01
9.343397477790449379e-01
8.357538565747157921e-01
-1.110180784552090572e-01
-8.181022111239883987e-01
7.852062779666582060e-01
-5.740794622841338679e-01
-4.497428154237370634e-01
-1.562056229104196170e-01
-8.469518988781432611e-01
2.563386111707794957e-01
6.897381095133636730e-01
2.969033828774818584e-01
2.907405837476344512e-01
9.700157316738300395e-01
-4.440790004615862152e-01
6.221277335029329336e-02
3.720837487905483965e-01
2.494946118747285446e-01
9.180640694230457477e-01
-9.050938773433725437e-02
-7.580295008189668060e-01
8.273289697400043607e-01
-7.048628932647729162e-01
-5.217147655875740142e-01
-7.924631964761705838e-01
-1.206940365518351932e-01
-4.213576492606612156e-01
-8.555165594733542545e-01
1.204547970836866710e-02
8.518054473762008971e-01
9.896886987724613505e-01
9.978184501614826285e-01
