-1.024412545524766571e-02
8.233960355391720665e-01
1.910511007069470857e-02
-3.480005177499603253e-01
5.209994411398366498e-01
4.431437421979904645e-01
9.260438261752335087e-02
2.040534671871028216e-01
-9.833236584401241487e-01
8.850193516282545136e-01
6.491184690720153139e-01
-3.187698525450837206e-01
-8.450886279855940320e-01
-9.290373063051646785e-01
-9.326341550329908525e-01
-5.800394989065646989e-01
-1.252152783970812422e-01
-4.069243200366159385e-01
4.690783837438179393e-01
-6.385654474474014020e-01
-7.443595829759277471e-01
1.719174948187851548e-01
5.592776804173624772e-01
-8.822665791533423896e-01
2.032896068323974959e-02
-6.307395402904649728e-01
6.123604972264000690e-01
6.145033731714182323e-01
5.112467901934552028e-01
-1.462907857584914151e-01
-3.339208004666978091e-01
4.976295526968939065e-01
9.798573021371979053e-01
6.414329053623368804e-01
-9.568048469676322387e-01
6.479039315068875204e-01
4.112814951626697635e-02
-2.385017792095267541e-01
7.687035145625200627e-01
-7.073939863061247113e-01
6.043401224213498235e-01
-6.951448915172995235e-01
9.304125333971560163e-01
-5.034734632735593518e-01
-5.083288964381098562e-01
8.730788887664557851e-01
-3.635156062606703653e-01
3.659833739553048915e-01
5.688106170248612425e-01
-1.477701187044004882e-01
5.284376488780058168e-01
-4.889533170897597536e-02
5.374491824339271417e-01
-8.308636794429100636e-01
2.833613040060991572e-01
-4.337825832609045751e-01
-4.680122316569670371e-01
1.675385144450007857e-01
7.184153109858115727e-01
6.977401493318995396e-01
1.027072513338631587e-01
-1.955640885001033169e-01
-8.299688580613351352e-01
3.955547035959512403e-01
4.057481305048047382e-01
-5.995216296351442153e-01
5.590710445346274149e-01
-8.220668921748410796e-01
-7.673627173411470270e-01
-8.338901176086666034e-01
-8.136510830584622322e-01
9.654741450515320622e-01
8.634982613664878848e-01
-4.503236837085926592e-01
9.411841476164792830e-01
-2.827590301764211222e-01
-7.830088188967925245e-01
4.672048366787873164e-02
2.220312852148886851e-01
-5.416683110628746078e-01
1.794460760652993869e-01
-1.307692230595529637e-01
9.338063500179567544e-01
9.467325097780272536e-01
3.231769507427006971e-02
3.041361327726923580e-01
6.777192821057129724e-01
7.367844696367407131e-01
-5.035914562334649069e-01
5.292420802418229542e-01
-6.432745884245529844e-01
-7.683263163956786101e-01
4.483005185869017861e-01
1.802172200527543122e-01
9.099011439758206699e-01
6.395315942721435665e-01
-4.043200933967225907e-01
-2.654723519263360032e-01
7.602046465834506606e-01
-8.204786895344595710e-01
1.541249902631904867e-01
-4.562530823639974198e-01
7.508605158108054844e-01
-7.807321691611044390e-01
-3.359795884592038373e-01
3.395820158420430612e-01
-6.583541676373179108e-01
-7.202665968011083830e-01
4.719035868931324984e-01
9.104732564061581712e-01
5.376830791585027747e-01
-4.285709122891745437e-01
3.624390745094285826e-02
-7.663338439207665331e-01
-3.727809889458173487e-01
-5.902360932461365728e-01
1.857442283436550046e-01
-6.821535166436105690e-01
-6.248686909147949109e-02
3.894667565756888550e-01
-9.657003076544510289e-01
-1.858731630370076271e-01
2.716271321326053645e-01
6.748120736648748341e-01
7.156654264287785061e-01
7.224862313953024362e-01
7.160308476822572210e-01
2.517655246265511071e-01
2.618427350342873439e-01
-5.834668537143281597e-01
-3.707223182229359981e-01
-5.849039936333455536e-01
8.265732758941202185e-02
6.954013020582756610e-01
-3.223800028773091686e-01
4.058523335340959992e-01
9.806548560229126910e-01
-1.331852320782680454e-01
-6.518393422302612983e-01
-2.833469897381157843e-01
4.601709891849945500e-01
8.085809327504982491e-01
-3.396422607330022991e-01
-9.417378189815932554e-01
-6.901403460482231633e-01
1.803464735630282423e-01
5.983380259028936443e-02
9.879426926786976093e-01
1.667730355540133491e-01
-5.155527888107391821e-01
-7.338952659055095751e-01
6.463845820387932317e-01
-9.054544540856634960e-01
8.809486078003156972e-01
-9.562414855019376603e-01
9.949101962457573833e-02
5.933113697199732250e-02
-9.946778962896820619e-01
-7.845488967889289178e-01
-1.656847850464977512e-01
-4.822491902097338912e-01
9.231394650745494701e-02
-1.596266691881014221e-01
-9.315353978203351204e-01
4.281698067438173272e-01
8.564888780825650194e-01
7.489804092191487683e-02
-7.401138939559821495e-01
2.150776120529713786e-01
4.704023266649828283e-01
4.798100411098047413e-01
-4.570417533446864411e-01
-8.699738776998038325e-01
-1.162624887531382711e-02
-6.753975455035439168e-01
2.794750462637063393e-01
4.731582777323350975e-02
-7.297983107246459600e-01
-3.917492312948054334e-01
5.301366171241439496e-01
-7.369060740670954068e-01
-9.420387560428009621e-01
-8.925660936094794717e-01
-9.324460391056872410e-01
-9.892768118004058309e-01
5.408457061381859443e-01
4.477784000677138554e-01
-9.292037618746817884e-02
3.902570065040076308e-01
9.671760145427987787e-01
3.937056725443519589e-01
3.062658635033017607e-01
2.954980012755041852e-01
3.866778822468965870e-01
-3.668044437203958896e-01
-7.108178973337373474e-01
-4.633623723785373905e-02
8.140444267039412818e-01
-2.549263834158599362e-01
8.484688854212607545e-02
-8.571867618673565392e-01
-1.827811300229886804e-02
2.736878841843846111e-01
3.223166700733024470e-01
2.708318440581769515e-02
-9.666786669661413534e-01
6.969010589064588146e-01
5.704993874480006610e-01
-6.049548697820370524e-01
-6.920711745001342230e-01
5.390997073475354284e-01
5.289258199868660526e-01
2.116866637406884522e-01
5.884889109461428625e-01
8.629753503712289664e-02
3.981522657436848966e-01
-1.042990134308454664e-01
5.883198644252449760e-01
-9.725785544054488252e-01
2.556700300491736577e-01
-5.781423976616959504e-01
-9.872529504614426799e-01
-9.904846301972436429e-02
-1.507387166194136263e-01
7.541760179845478085e-01
-4.275591726761507338e-02
6.390052822012250999e-01
9.934661928000620978e-01
6.894975285310736002e-01
2.814744186137967397e-01
-6.296699924514685964e-01
-6.690596025527613122e-01
7.137255656417651473e-01
3.785699612537212211e-01
-6.288622720467795801e-02
-3.661635449501670081e-01
-6.947638531166202558e-01
6.335641827460600783e-01
4.458568613430509142e-01
-8.641100014078291203e-01
-6.185755304110709396e-01
1.062981052766454049e-02
-2.206870746406890405e-01
7.674700186298906157e-01
8.174335450136811509e-01
-6.490418097179289081e-01
1.337167374156231769e-01
-8.338551462970353878e-01
3.903330059049403555e-01
6.952067493278255572e-01
1.583268668406432322e-01
-5.011982267084820197e-01
-5.777402994356315435e-01
-6.950835010567595340e-01
5.049004044800982083e-01
-7.766503532066073578e-01
2.680360710688844961e-02
1.599649910185407808e-01
1.154803545445119983e-01
-3.576180113577398512e-01
-1.755480427991407133e-01
-9.411078131596264384e-01
1.620422582290128588e-01
5.736084391467510812e-01
2.054631245710059062e-02
