1.000000000000000056e-01
-6.464407526968820594e-01
4.037542397704636521e-01
-1.475043678067466946e-01
-4.337441905510019957e-01
8.292113687524109711e-01
9.816548296750116087e-02
7.869530319501765181e-01
-5.509369927658178678e-01
5.338096496913735667e-01
6.369614206280975743e-01
-3.447184857578555750e-02
-3.498371243747417925e-01
-8.653747248812060366e-01
-8.476371679485352750e-01
1.631831245107724371e-01
1.329901039193441825e-01
-9.262527151047059704e-01
2.881982927955502038e-01
5.163265470824447423e-01
4.100590293884831539e-01
-4.318209317645405054e-01
8.675978785711735419e-02
-6.566259637151869999e-01
3.868725032056816726e-01
1.295342676977708773e-01
-2.899888740885678828e-01
3.158190027469505168e-01
4.687100699616895128e-01
2.778792598614592269e-01
-8.305711301246978540e-01
-2.652488374354089462e-01
7.828603305286208069e-01
-6.303329868993619023e-01
7.847156767087353213e-01
-1.525903414458282814e-01
5.972427045550712243e-01
-7.238262477840007314e-01
9.457294383202303756e-01
-5.160304101729573656e-01
-1.723425662065418695e-01
1.994216898810108329e-01
1.648048293836883449e-01
6.510730181522821347e-01
2.236033111706829946e-01
-8.839486132817984121e-01
-2.271846024558974442e-01
3.934799030130449182e-01
3.277064224472767684e-01
-1.516206848814101171e-01
2.470986053749160138e-01
-2.689317817871015315e-01
3.220963414451292195e-01
-2.802815574101624740e-01
4.400206969891538034e-01
-3.810915032266559699e-02
8.541966849170068432e-01
7.174386217710528868e-01
3.509232612132568985e-01
-2.626862585842038023e-02
-9.990398736160539528e-01
8.861525936866287978e-01
6.607035227167630254e-01
1.826301467396160838e-01
-2.391486561919904386e-01
-4.112874113774800389e-01
5.205498313578014180e-01
3.337994870206342224e-01
3.579026369851610045e-01
5.218608061043461532e-02
-6.443444661658783712e-01
1.245544476725060079e-01
5.509264972491119128e-01
8.601755521496827761e-01
5.641851740648677893e-01
-9.723591676890872559e-01
-5.302278144740533161e-01
6.069454183331812747e-01
-1.768479297678942075e-01
-5.128377064726532542e-01
1.419243330457693464e-01
-8.659382685444667604e-01
-9.028445777060782884e-01
2.739203854520593229e-01
1.186136877939529821e-01
7.005169829397639436e-01
6.576889779433072736e-01
4.768371119962473426e-01
-7.352547633642378955e-01
5.738430727679946219e-01
-2.115438641322997526e-01
-8.038710820910215382e-01
-5.363960704251371503e-01
-8.463842020185619042e-02
-2.818760736288976609e-01
6.846306658677141499e-01
-9.527879473476030814e-01
-8.042607103423131676e-01
-6.930599765713840732e-02
-2.202879529943719827e-01
-6.546445654594705843e-01
-3.228705249774062036e-01
-5.634887912917054820e-01
8.224704567818852396e-02
-9.829836917968572951e-01
2.121587179605333162e-02
9.980219674238344219e-02
-9.689158101130617151e-01
-6.636231698381993560e-01
2.808568472332184651e-01
-3.045693312448565226e-01
5.210567609982885706e-02
6.363475957181112808e-01
2.039117163021322288e-01
9.927986703875446572e-02
-3.191290443137506649e-02
-4.947810586615952744e-02
4.613745825024180292e-01
4.472253424471639427e-01
-6.308776231907124998e-01
-4.161302282933083685e-01
1.377398782129746202e-02
8.836643645476891518e-01
-3.945329110049873300e-01
9.399607148722683991e-01
-7.919508579471257192e-02
-6.368838164062928797e-01
2.520778143828450446e-02
-3.167325256598658711e-01
1.574278239736042195e-01
4.382719406336816892e-01
-1.162114476487849934e-01
1.657338439576987454e-01
-7.328519883024426917e-01
5.435881214903162117e-01
1.910821840323611021e-01
8.775943086695581208e-01
1.556507931306725379e-01
-3.058471476422459645e-01
-1.715106855804517938e-01
-4.806214141029352405e-01
9.951607624434739563e-01
4.033217403983901939e-02
4.623649188275125166e-01
1.446092503000007135e-02
7.385078495239880692e-01
-9.074502783690245877e-01
-2.532640157908749856e-02
3.716366989156423273e-01
7.115706087393005586e-01
-3.110586003537672006e-01
-6.651799647432559137e-01
3.315031020952134977e-01
-5.011253097470276252e-01
4.156396974738849615e-01
9.065077825454019855e-01
-7.006238825983315266e-01
4.568229045445828529e-01
3.894254650617856583e-02
-4.812608058102867403e-01
8.937003335011357574e-01
-6.402309924591966794e-01
5.949383057688588661e-01
9.802469139256784203e-01
-4.116721806831424857e-02
-8.973565943044981008e-01
-7.029387894914227441e-01
1.674414398070294130e-01
-2.387079015068283017e-01
5.801674945216397372e-01
9.987612697086043489e-01
-1.119396869631417157e-01
-3.869242811313728936e-01
6.398046151608127730e-01
4.042105215937104035e-01
8.435013579108474602e-01
-4.143927473043371723e-01
5.080402190979864674e-01
-4.277602504182014265e-01
3.522838914867476579e-01
-8.238017102526586921e-01
-5.135089413470805830e-01
4.552147142365454702e-01
4.287972067648664343e-01
5.465970850554400240e-01
-5.341961891400044404e-01
3.512186906254615160e-01
2.966969715399676577e-01
-7.246541782484547944e-01
9.191706236024872467e-01
5.008103691970062776e-01
-6.576469779715568009e-01
-4.484533012827964793e-01
5.201672430942771985e-01
5.448660039229720198e-01
-4.973458006306303858e-01
-3.761021140521305650e-01
-2.452880157841814679e-01
-4.227441303161216801e-01
-3.826604428288680193e-01
8.091660011023158461e-01
-8.300819106542238757e-01
5.463018354772317675e-01
-9.892687816727601113e-01
-3.542521942355418840e-01
-9.920170868940636488e-01
2.488438106999122379e-01
4.140325459037825784e-01
-7.995993591264844991e-01
5.077783119110987897e-01
-4.823779984459557468e-01
3.946753279991075392e-01
-2.692749625904158339e-01
6.085164737662824841e-01
-5.567340428165108435e-01
-2.208946482168936409e-01
-5.553486418494468779e-02
-4.091105680968467606e-01
2.935157419914160570e-01
9.639016800122892636e-01
6.469253162778529909e-01
6.564149872945967967e-01
8.277815022883117102e-01
3.640506961052742962e-01
7.403989868939753194e-01
5.391082228449217695e-01
-7.028602166129194195e-01
3.313672393546043260e-01
2.498372591712814117e-01
1.668826466550048515e-01
-4.332749260576176376e-01
6.213007065170912391e-01
4.147959439090642686e-01
-6.454295235492282234e-01
8.442650624958940586e-01
-9.274304919471636488e-01
-2.433403551488182437e-01
9.723063506577855897e-01
-5.714753667497378675e-01
4.881951701360303097e-01
-1.106467330170786134e-01
7.551617603329161543e-01
-8.571680639807270907e-01
-3.485748307888696385e-01
-2.847380816762778988e-01
3.722003336758379355e-01
2.213491089639119114e-01
-3.867775238917874336e-01
-4.227749619127507685e-01
-8.490233722097959568e-01
1.275811585888053656e-01
-7.869118258440164215e-01
2.446532908813783269e-01
8.115040913871875983e-01
-9.144896833677356174e-01
-5.109439933633768138e-01
2.568812183949069627e-01
7.485367359640315854e-02
5.516924318043339159e-01
9.389683887731905543e-01
-2.310498116240713440e-01
-1.934230499113898105e-01
-5.587584923802708659e-01
4.862221051865591726e-01
4.412343449672500029e-01
