1.000000000000000056e-01
-5.886663295503815618e-01
5.352234965087780960e-01
5.716831155736266101e-01
-7.073599611548835320e-01
-2.229173556915278187e-01
6.769470214048256551e-01
-6.226895153094678115e-01
-8.158626672795898926e-01
-7.562834502337532072e-01
8.850585901222656204e-01
8.441065931260947064e-01
8.644167396493980249e-01
-4.395824243473733794e-02
2.134842611332619100e-01
7.321371177524316209e-02
1.205881221591820207e-01
8.581717198444334116e-01
9.877066764646582619e-01
-2.148916550838819717e-03
8.808382116759243541e-01
-2.653196828215098613e-02
-4.388864600724489140e-01
4.351398092907150517e-01
-8.033959496310043580e-01
-8.314222821320882417e-03
7.596844630043964042e-01
-7.986800759049601517e-01
-4.490724473652372151e-01
5.149192162933176053e-01
1.949112582778167457e-01
4.861996596715556507e-01
4.806091879613572093e-01
-5.072548107262357941e-01
4.465013089001848012e-01
-1.174003595527455257e-01
-8.819277407235919242e-01
1.628232602296415532e-01
-7.543426327511704166e-01
-9.113984250035791490e-01
3.954276991376490802e-01
1.678134471958669938e-01
-8.939033458610272653e-01
-2.474392709158483861e-01
-9.136378778072959950e-01
7.649272843433707614e-01
-5.068101378226663734e-01
2.781684822520746891e-01
8.614525427837205207e-01
-4.885448747251326385e-01
1.468332840916928284e-01
-8.269767943599677373e-01
4.612640764308930663e-01
2.892294278503682037e-03
-1.989931679112637575e-01
-9.199614504440771778e-01
-4.944199330385408153e-01
1.397206770993695280e-01
-7.904599643901206729e-01
-1.177362609368191038e-01
6.187182323953566154e-01
-6.702957218360123814e-01
-1.814677339948389534e-01
-9.003650458818950320e-01
7.883086609205154360e-01
-9.472014873857927952e-01
4.524558410653809482e-01
3.727058732093331272e-01
5.637053371489098019e-02
-7.776552025625462772e-01
-8.990881827800885073e-01
-6.127989738733612413e-01
7.937600028168294575e-01
8.867539522267242624e-02
-6.107260351589214320e-01
3.699761003218182687e-02
8.466757388875829626e-01
7.943539032160373825e-01
3.763094183133786075e-02
-2.086482168765901868e-02
6.560580771505584163e-01
4.572267162326744128e-01
2.995332493980495947e-02
7.491699965315823384e-01
-5.917235575015999949e-02
-4.152917425855258138e-01
-6.255239302176840432e-02
3.715744476842850474e-01
-2.631375162270375156e-01
-9.924765873931964411e-01
8.547433102803836391e-01
-8.353431279113081587e-01
-7.745580458620977549e-01
8.634450307610290754e-01
-5.051559792892625911e-01
-1.311970972239562272e-01
-4.318445775207544468e-01
-9.032733373110641839e-01
6.428842215203471877e-01
7.072405079546635331e-01
8.249052563793948245e-01
1.007178892473459264e-01
2.182441835619317594e-01
2.159912769125040821e-01
8.108177249014476562e-01
3.988611863509536892e-01
6.262269589690561133e-03
9.436460626907281490e-01
-9.223559040467381731e-01
8.134431801861321532e-01
5.019903873482840506e-01
4.809578794984574746e-01
4.525719056331189982e-02
8.554274871830700455e-01
-2.005638265150033739e-01
-1.208942134014057146e-02
-9.359208055029342166e-01
-2.586134826638020190e-01
8.206615997622839220e-01
-9.727578679464270461e-01
3.505550947229256753e-01
2.038893535362218401e-01
-1.597251928091745210e-01
5.304013406446714818e-01
-2.872935049145366460e-01
-4.686879358538551532e-01
7.406996619456120978e-01
5.891238204846858117e-01
-7.714197478101882943e-01
-7.792587576517855386e-01
-5.054872301892299191e-02
-7.170494627359491613e-01
8.894682816925876256e-01
-2.322425145743636232e-01
6.795404162253524394e-01
-6.828164226232358303e-02
-3.556765905068037803e-02
3.439945347834016953e-01
3.126739021306912392e-01
-6.612004180693944466e-01
6.890286325215269070e-01
5.267590776773629635e-01
6.853465159432872156e-01
5.499016906506131175e-01
-5.230385101177543739e-01
-4.649488504125360855e-01
-1.046709992324772465e-01
7.322421902922116033e-02
1.896719412688434581e-01
2.980501436188160991e-01
-9.287245041413649815e-02
8.413066235251083214e-01
3.961475160955836294e-01
-2.942760364427383646e-01
-8.254758800524002460e-01
-8.642630087944354056e-01
-5.651539713187976322e-01
2.996560760578181881e-01
6.334133523395695242e-01
7.180917665261365990e-01
1.450593229269634410e-01
-7.884033022864092022e-01
-3.654743170262708674e-02
-1.021572234926997336e-01
2.340792356125631635e-02
1.292392001796871526e-01
8.902091094506328073e-01
7.255699425510127032e-01
9.637296619249848817e-01
-5.011438531132867968e-01
-8.708635277394336516e-01
-8.520637211174535430e-01
8.230317667004065640e-01
2.030759917406308457e-01
-9.029568147310544912e-01
-6.176745099119973492e-01
-6.530957739491984881e-01
3.083792128349629458e-01
-2.534974087125640985e-01
-2.930862167820647013e-01
9.387254019902659952e-01
-3.867989751324143466e-01
-4.336834946174017436e-01
-8.858229090973688269e-01
-7.543543959946545918e-01
5.529916111523116573e-01
-5.238022190517344079e-01
4.983382709261634513e-01
5.530160960193897246e-02
-6.607634079652151549e-01
-7.502816035761732394e-01
5.628111017157872986e-01
3.423987922822033791e-01
-8.368638575718043704e-01
-2.881651196628163270e-01
-2.444607927421571514e-01
-3.024003560788623979e-01
8.641161965999146766e-01
-2.662596277804083478e-01
-7.246604156891769399e-01
-3.952040695311320739e-01
-8.679897701760665996e-01
-7.681907054786252242e-01
2.683635082248023718e-01
-9.850499419321270267e-01
5.415676597884897525e-01
-3.954517721420494070e-01
6.164050620695713523e-01
-5.904859700915676690e-01
1.454165173617840701e-01
-9.764205080507262213e-01
-5.226950585692204942e-01
-6.333035739419865529e-01
4.816987313990335196e-01
7.269553351041657674e-01
7.272724736362932152e-01
4.167328916105841330e-01
5.704338488315428002e-01
-2.543299361232753686e-01
3.430731549733057051e-03
-8.147929011843200175e-01
-3.833076030120854405e-01
4.812265766188383864e-01
3.973752356192330470e-01
1.453177399895346777e-01
5.889623941036066235e-01
1.581587024643498207e-01
6.760758868539367139e-01
6.377707519010633597e-01
-5.131187554820615393e-01
-6.257676278355146504e-01
-3.483830702331829343e-01
1.936889971480595385e-01
1.508548977523258561e-01
8.730766911108689410e-01
2.349441306243782446e-01
-5.821632935029046330e-01
-2.379527201657016811e-02
6.597385316883739304e-01
-2.443009767808992372e-01
-7.046818555292810871e-01
-2.915088803639531712e-01
7.744252206155686213e-01
-4.557035274823222348e-01
-2.938964258304785915e-01
-6.773276086181856392e-02
-3.228848662671632841e-01
6.308728907768654803e-01
4.739995630541198324e-01
-7.539286654902337403e-01
-5.661712069617932386e-01
4.068830826768889963e-01
-2.346506456946158004e-01
9.526000145522082185e-01
8.106525916534208509e-01
4.659314832694327890e-02
1.255344223907839396e-01
-5.650897652950970240e-01
-2.539948209317588468e-01
-6.128484678986432233e-01
1.925143133205036161e-01
-4.184898861067811726e-01
5.072180157264418732e-01
7.940423836255749990e-02
8.844897604904811139e-01
