-1.540130220709705622e-01
-7.676593543366689865e-01
-6.907346935474214522e-01
-4.106061165692458381e-01
-3.815287599152414888e-01
9.051072281649268358e-01
-3.834395076810981351e-01
3.815695234872269470e-01
8.667256240242855458e-01
8.304902421778384003e-01
3.548949582709957085e-01
-4.837998459037051724e-01
4.277675334623951553e-01
-4.874024519578383785e-01
-1.515545644526805624e-02
-7.016871789348413380e-01
7.217174232181222671e-01
1.947217232407556509e-01
-7.863623658752847412e-01
-1.442759005328799748e-01
1.866847111292539996e-01
-5.018907589935113212e-01
1.831648051840506497e-01
3.164924022119295355e-01
7.660761644954714455e-01
1.112790767575024820e-01
5.678803534945251474e-01
-9.160748746704461265e-01
6.836369802814881158e-01
5.651832478947018679e-01
-8.682002028765629653e-01
-2.151338828433160266e-01
9.401304693153269554e-01
9.065995880123542960e-01
-7.545233194854850112e-02
-6.200000942315193608e-01
-5.732088833886250789e-02
3.872309087063037225e-01
2.210961705990091009e-01
-4.578504220882448905e-01
-2.952621820130856278e-01
-9.403095494289819278e-01
-3.982957615579754140e-01
3.341614231422296299e-01
2.236634281538989466e-01
-2.655997245605674628e-01
-5.720048769878571804e-01
6.088377538308953341e-02
-7.696115963670475679e-01
-3.956878208627527815e-01
-6.194052067292599162e-02
2.442432049366380920e-01
7.294388955238040317e-02
7.703384917075577487e-01
-8.048455589527958587e-02
2.060034874410829886e-01
-6.186570807588358534e-01
3.868283748493663854e-01
-4.513996722976951759e-01
-6.678624715987873106e-01
1.726598568991573046e-01
8.745179636937927548e-01
-1.853964442550766201e-01
9.893842125561309597e-01
-5.612582550442419826e-01
-6.012342819480294143e-01
1.067763416172280433e-01
2.410584825045274382e-01
4.820240451143442684e-01
-9.074236528844163985e-01
5.635273766678974283e-01
-5.915993766558602651e-02
3.597613035662199366e-01
5.359866001451791817e-01
2.093980176723959641e-01
4.836936987053770398e-01
-1.055369357118705054e-01
8.982717372988064941e-01
8.457001366603011938e-01
7.373716036977340238e-03
-9.206502217021550472e-02
8.543117164777551675e-01
-4.702842222961707286e-01
-1.421524851403401790e-01
-2.805098833550878634e-01
4.764139841429959610e-02
4.985064642882230945e-01
2.597361796457422489e-01
-1.498746458359885292e-01
-4.190112102106307024e-01
2.478053487832714286e-01
9.020315877681259753e-01
-4.523894777239223508e-01
-1.244411461668217811e-01
8.279780676316970123e-01
7.842434707181056286e-01
-1.467778024714250229e-01
2.684982052259612395e-01
3.196339262957414995e-01
7.931643302235527049e-01
-4.997554253865714724e-01
-6.936028433513137248e-01
-2.397419568208620788e-01
2.634069738636994895e-01
6.164525259972872817e-01
7.184116032907534866e-01
7.422428121436783766e-01
-4.497696392701067136e-01
-9.969940324436676882e-01
-6.924042963313279397e-01
2.119359442823638418e-01
7.488776131088845656e-01
-2.382247169009095167e-01
2.663246008790647323e-01
-8.997643215532453720e-01
-4.342018103197406997e-01
7.812739320554284994e-02
1.300629545596798664e-01
-1.523685542032593432e-02
-4.855852329628917996e-01
2.558860487063792100e-01
7.523390556738995816e-01
9.103296581479041194e-01
2.393847471443080188e-01
-7.694254333920902411e-03
7.093149381949699350e-01
5.662518734062360615e-01
-4.344483991621337360e-01
-1.538438912532102965e-01
-5.576609714923284056e-01
1.645262825903464066e-01
-2.262533562398241216e-01
-5.981623012007968310e-01
2.263160866047044806e-01
-2.185387567894618854e-01
-5.921064392663308862e-01
2.874666291864116374e-01
7.993839547963059733e-01
-6.066594283387942710e-01
-5.319741002932993901e-01
-1.020100659336278248e-01
-3.506287973512409728e-01
-6.506589509214100175e-02
-4.886151982510307246e-01
-8.178248603025448649e-01
-5.795734344697993645e-01
3.024005787905061915e-01
8.335406613696778599e-01
-8.586202950114509846e-01
9.859838846115098754e-01
-5.610491496763772012e-01
6.800819057481755081e-03
8.637925697348487475e-01
5.577155712233159424e-01
-5.464809023459855641e-01
4.022555352191861111e-01
-5.280716272216938734e-01
6.662141847287144092e-01
-7.559152407255518291e-01
6.590706484656265740e-01
5.272652122098842042e-02
8.134744613040012506e-01
6.056193862818692875e-01
-2.631179830661851682e-01
7.382138505503910153e-01
-8.601978975234751967e-01
-3.161604920833536170e-01
8.575317285206678353e-01
-3.317834594267172754e-01
5.618540346439977462e-01
-7.385973412557340634e-01
6.167792933778513120e-01
1.561516664922861786e-01
5.791974402522703791e-02
5.748172339951822529e-01
5.051760844813815154e-01
-1.153316259900911689e-01
8.421459950985703546e-01
2.517943858512250443e-02
9.620654371631425228e-01
5.457134598709310058e-01
2.852963187076567042e-01
-7.135580115268578272e-01
6.192377430298332541e-01
-6.347949353591801902e-01
2.266481449522790292e-01
-9.282052126469706455e-01
1.748420357677176185e-01
-4.477878726780744056e-01
-7.666059324851446366e-01
-7.046705764842853270e-01
-2.159728580353295069e-01
1.943336146915242146e-01
5.267623646685843930e-01
5.782569280234439724e-01
7.761458307995565686e-01
-9.829207921815088511e-01
-5.688258100781975468e-01
5.190534603749468179e-01
1.562357563623155698e-01
8.271158515593830529e-01
4.137379080434404610e-01
-3.131478812561083735e-01
-1.168083859998167995e-01
-2.624672294251479965e-01
9.551166828670691888e-01
-7.368701325603874697e-01
5.732609927293341734e-01
6.658763870132935470e-01
1.817988033513959767e-01
-5.662914498627957816e-01
-3.362064242681350734e-01
-1.635952175143406961e-02
6.465710779071032199e-01
-4.092556945454872697e-01
-9.851957652700089607e-01
3.484431106054270977e-01
8.306321587435736564e-01
-4.922382546525350122e-01
-8.899324950833216175e-01
-5.880625602588080980e-01
1.009211670070511158e-01
-2.420430284025345546e-01
6.594890319689084013e-01
-4.089460216494604783e-01
-3.419980003092253362e-01
-7.975564609861904852e-01
-2.577922221832660288e-01
3.435937699113496002e-01
1.516546666933653587e-01
-2.033908125168442105e-01
-8.284756415293548226e-01
-2.454070343739314097e-01
2.904696458371043288e-01
3.839736165918445909e-01
1.152557085882714993e-01
-9.452017026672310251e-03
4.357362670899245227e-01
4.012842451159990276e-01
4.065550372275166247e-01
-5.031206714266167612e-01
-8.344522717121913846e-01
-4.933846807374784316e-01
5.440310664188741097e-01
9.657167926181142725e-01
-7.631558272831275858e-01
-5.954052481053184742e-01
3.361147639619244121e-01
-4.921886787089320148e-01
-8.074393328230797806e-01
-1.132549094793580124e-01
-9.990594497160829590e-01
6.754291208794684920e-01
9.321184882566062591e-01
-7.881011922239331557e-01
4.134244001391018664e-01
-3.076217286276059504e-01
7.867777391415473609e-01
3.457921184997789776e-01
7.186026119392332490e-01
4.300829298176616078e-01
9.858050054915303839e-01
4.214717639624059320e-01
8.225470686094118467e-01
4.113968778281835714e-01
