1.000000000000000056e-01
2.638033924061331525e-01
3.887030966599021031e-01
5.882365982543802385e-01
8.249901833300616882e-01
5.728448477989349641e-01
8.714195780570843652e-01
-2.714297902524900330e-01
9.708071460821114940e-01
3.296340734553468987e-01
-6.795360147682925067e-01
6.180740048392405761e-01
-7.497966887018807647e-01
-8.462983431082968799e-01
-1.251513027093524855e-01
4.290585125033472558e-01
-3.980070707339209424e-01
9.322489370084174887e-01
5.140205298167910275e-01
-4.702576777823441745e-02
2.464704436869160631e-01
5.854148857351864077e-01
7.185610000277204978e-01
-3.804610281245883741e-01
8.664941937174452935e-01
-4.203806745510829668e-01
-5.982975605791862606e-02
6.221001381844895040e-01
-2.927546264878628790e-01
2.513772411160697384e-01
-9.508242974337226538e-01
8.743618658862726267e-01
-3.488902627081165164e-01
-3.820996710271871155e-01
3.627299062305486821e-01
9.409241925756739455e-02
1.861154390123243019e-01
4.352040091526736543e-01
5.879328041243572223e-01
9.834133887031137888e-01
-1.039417160019959763e-01
1.191613850168149469e-02
-5.744716075114737475e-01
8.258879514307941871e-01
-7.292881526560255345e-01
9.615897629065850438e-01
-2.056413255306894783e-01
8.626393782618211326e-01
1.818965961568164147e-03
7.335485723611749886e-01
-7.689755122586305891e-01
5.884307820750502849e-01
-1.728116230895442307e-01
8.702566506383986322e-01
6.477646125646376873e-01
-8.209608627086750765e-01
-6.260079760363910228e-01
-1.287615098104610833e-01
2.112637379885686784e-01
3.894245066007078204e-01
4.458712118333241214e-01
1.084788978264248360e-01
6.353153782602853905e-01
2.215850649756481161e-01
-3.788771999702331694e-01
-7.100782047897693516e-01
-2.385354716697936084e-01
-4.349789991853953985e-01
-5.785177836735162504e-01
-3.098993622900667599e-01
7.727822094615699466e-01
-1.975357597051539127e-01
-8.880267893087818720e-01
-4.141246207790920675e-01
-1.428856149892898664e-01
-5.349060902117344085e-01
-8.413052828122695725e-01
-4.931967911700101403e-01
-8.890750167176557639e-01
8.987276808929389738e-02
-5.429397661117816298e-01
7.565928812329525410e-01
4.611601209617883779e-01
1.776020259410917568e-01
-9.686637901220211955e-01
-6.861502711665810050e-01
1.871124312835645842e-01
-8.164439198965656175e-01
9.006968465936859847e-01
5.533803020967147379e-01
3.745958152303943134e-01
1.416715007040192376e-01
-6.325866235006345484e-01
-9.499273140949451300e-01
-6.815738183284028029e-01
4.546699878863895705e-01
7.471612674747021288e-01
-8.082676802869541710e-01
1.695873023101825972e-01
9.262717156291200293e-01
-7.702502712725110001e-01
-4.768899651035991560e-01
8.703488607798726129e-02
2.416730472638306537e-02
-2.370305883287806559e-01
8.408803605077059817e-01
-5.168036159646398620e-01
-1.255421785172279314e-01
2.671311459880554295e-01
-4.126581416004189151e-01
-5.679395254458454723e-01
2.132502231318962327e-01
-5.103400180859474222e-01
-4.196302864857488490e-01
2.764462184655416266e-01
-8.891690503075670993e-01
7.476734873806334392e-02
-7.274986274290242694e-01
2.301898550016876488e-01
-5.502095475303923067e-01
-9.350314550167424521e-01
-3.544116299874910947e-01
-9.169716374740568554e-01
-8.812529611169279686e-01
-3.049764072303349227e-01
7.927556594071307750e-01
4.246084468805262357e-01
-3.574923268736811544e-01
-2.967806135733142003e-01
-8.664339437766148677e-01
9.095061631294170112e-01
-3.794935408268749200e-01
-3.336040536803053236e-02
2.091323534872762124e-01
3.319035828293925849e-01
3.706105365301370913e-01
6.626130538436445505e-01
7.974171222459638386e-01
-1.796282288290220741e-01
-4.952862589794659876e-02
4.790957170636089835e-01
5.476380005823238140e-01
6.347967331852333306e-01
-7.041493285048401329e-01
-7.808833410845159584e-01
7.555218366110392214e-01
-7.751640799757828493e-01
4.037649412110622116e-01
-4.749761076770411261e-01
7.942752959347627595e-01
-6.535877633809137333e-01
-4.613373060721781549e-01
4.094921195835488081e-01
9.289439510076118456e-01
3.309054164225262440e-01
-7.086963899469247430e-01
-8.727671185963468137e-01
-2.627121523680697734e-01
-8.301060551797592169e-01
4.262614997501443792e-01
4.424780857608889839e-01
2.669828967297396272e-01
2.706414297490260523e-01
-7.018362491892222721e-01
-6.364693343766067990e-01
1.379380062166226661e-01
-2.001743063612761997e-01
-1.492370663904665218e-01
2.466436191277945333e-01
2.038888036272621385e-01
1.245285750487405974e-01
-8.940173668560400522e-01
-8.816775047937779330e-01
-2.026641029734876920e-01
-2.996804136147479536e-01
2.906733479313259316e-01
-3.679895596520021961e-02
5.114171525495210258e-01
-1.077784852031247187e-01
3.171965225737674032e-01
-6.991762974892279381e-01
4.104882469354456109e-01
8.098917124239142229e-01
5.381734307446464083e-01
-4.504227452470912496e-01
-2.445627537412720098e-01
-4.757722019050101281e-01
2.294904571603935128e-01
-1.116909384047348741e-01
-6.852547637103629796e-01
-2.497817186246424903e-01
-1.535950745867216138e-01
-4.382536394164480154e-01
-8.283649096597063277e-01
7.213172554583244800e-01
3.418374163648174591e-01
-7.489017796129131543e-01
-5.268069463430671284e-01
-1.757395137539337071e-01
8.307901947224929362e-01
4.775187534397740130e-02
8.696383452797364910e-01
-6.270185895483202376e-01
6.863214488203919217e-01
9.214149184177686802e-01
8.635793198039014573e-01
-1.352507407388880978e-01
-7.885072282264418142e-01
7.473577837014160341e-01
5.126720050139872420e-01
6.921753453971692949e-01
1.490472316505162542e-01
3.952502481715709504e-01
1.671906404803753521e-01
-7.447388594080672775e-03
-2.253826346653593493e-01
-4.395722776042005897e-01
9.826828135634120276e-01
1.230464119442609139e-02
4.386210648305728377e-01
-8.115535776351885389e-01
3.088964821906865499e-01
3.052841476088690165e-01
-5.018455488534794284e-01
2.154786184533779014e-01
-8.505951858402678312e-01
8.344885130114678695e-01
2.871744210999493951e-01
3.767109743614025508e-01
6.279113433047680548e-01
9.323647492455153785e-01
5.683996093240453185e-01
5.425023831098914062e-01
2.733732075700530118e-01
-4.670293368654985233e-01
9.416399447648102772e-01
-8.574352491844323687e-01
2.165262650317660853e-01
-1.340180843766611840e-01
5.497360076126984740e-01
-9.765792368440773252e-01
1.075059245734737434e-01
-3.662470312200092337e-01
1.138901430554459804e-01
4.327584955657082233e-02
-8.737625084473954473e-04
1.257602560698611871e-01
-4.288252142269701750e-01
5.267612893085180659e-01
9.875983635023546370e-01
3.395107521542408691e-01
-4.417956678572450002e-01
8.257085969631225986e-01
-9.626963126245955404e-01
7.194156432126883605e-01
-3.802920995986356356e-01
-2.758875989886666602e-03
-8.032603537177098740e-01
9.042367610510742004e-01
-2.412598193567632165e-01
-3.908942815974394414e-01
-8.576892652143088824e-01
2.403226854765141418e-01
9.147597210351126051e-01
5.385598607669184190e-01
