1.000000000000000056e-01
3.776418763369904230e-01
3.053977712277056167e-01
-2.556050262561597730e-01
-5.736681799101710499e-01
-3.326737383730722364e-01
6.447390223907256690e-02
-3.149104803710254252e-01
-4.766877088693664000e-01
-1.102128198317464669e-01
-7.626394844808388473e-01
1.055585779217824705e-01
-6.018406084550524948e-01
-5.088033007266823393e-01
7.274381161811496188e-01
2.659229698821747867e-01
-1.529045173846346195e-01
9.425663173933420680e-01
2.321121715929677087e-01
3.512297547086409288e-01
5.891707875668370509e-01
-5.769729733717587905e-02
-6.050768847480432200e-01
4.301877090520480618e-01
-7.961549946811059542e-01
-8.373516834423149202e-01
-3.439204322568840677e-01
6.869773012266100487e-02
-8.439064933298328075e-01
-4.881603009365460544e-01
-3.989641837870627761e-02
-4.452030788040710618e-01
-3.232482335454975875e-01
7.582935242793453767e-02
-8.054038073532459041e-01
-4.911766868437164035e-01
-9.171241117193553727e-01
7.448377336326028608e-01
4.523023711654263757e-01
-5.720288039818952619e-01
-9.469582280650223893e-01
8.551158068479041141e-01
-8.175569933984898618e-01
-4.875762809674533127e-01
-2.209718945121392775e-01
9.875722741287384920e-01
1.102388306001149676e-01
2.274484733995891794e-01
-5.032677285860354122e-01
2.527528232007392184e-02
-9.934996007650351846e-01
6.394402233904494803e-01
-1.610520409420899135e-01
7.759088436918801790e-01
-2.161438291220285635e-01
8.924052317212203267e-01
-3.167713768645137318e-01
-9.437520497973603817e-01
3.043048094912683688e-01
-2.521873067115800726e-01
7.952593225707229596e-01
8.120434961499380933e-01
5.434631576976347578e-01
1.950771380812612588e-01
4.391704905273206005e-01
8.508916249166349477e-01
2.359668204602920483e-01
2.606070972682907883e-01
8.453692466024078644e-01
3.442675593177058069e-01
8.339919057426814497e-01
-8.403722093047323316e-01
-1.269048694018390933e-01
-3.473826097915464484e-01
-9.100808037710326204e-01
3.565131016810818565e-01
-1.493557768606714742e-01
-2.073324759665824413e-01
-5.212888255704695162e-01
-6.400717302837570788e-01
2.212662895886725600e-01
-6.443904867503513767e-01
-6.487261367458081462e-01
-8.222723472060899930e-01
-6.758498019801439938e-01
7.601974175615215934e-01
1.918620169168605560e-01
-2.354526036721746873e-01
-3.633952735520027399e-01
7.995934676249398798e-01
-9.349026105891145022e-01
3.948198752679326073e-01
-1.640882706742434749e-01
7.523755483101228769e-01
-6.097900113702008351e-01
-6.166124629506481991e-01
-6.502446278828493131e-01
7.984529211139879123e-02
-4.414312641564355211e-01
7.238810587787118944e-01
4.940163284762930651e-01
-8.119567459431236145e-01
6.007358820578703185e-01
-7.995933716186003348e-01
4.216404640794719771e-01
-8.238696386304160679e-01
4.715259734440970796e-01
9.471133129562079311e-01
-5.136574917702667609e-01
-3.222048173367475510e-01
-8.135080863428634235e-01
2.529986992126089795e-01
-9.293735888041332327e-01
-7.720614834577137486e-01
2.868630970008709813e-01
7.963666857277074129e-01
4.728876934142565158e-01
-1.690629911937948648e-01
-1.889290121575015746e-04
-7.229291922543745752e-01
-1.345488046911327285e-01
-9.483727580851639694e-01
4.673264118253239729e-01
1.282127169035285341e-02
2.960782130523600397e-01
-4.731463655691563464e-01
7.677106768192225594e-01
8.259327809486594063e-02
6.105600954151704229e-01
-2.566380891554429500e-01
6.691271322026928203e-01
-5.855753016211975304e-01
-1.093096308439736042e-01
7.585325599516190564e-01
9.966205619471528721e-01
-8.475957665435405186e-01
2.414096351653545192e-01
-6.966360528612345338e-01
-7.494845279865376408e-01
-4.386935384074512889e-01
-5.259584188487222978e-01
-8.507799317965509811e-01
-5.813908415417670117e-01
3.856870897416930788e-01
-5.007519151801824719e-01
6.445976702235676203e-01
-7.907655439252654350e-01
3.920948235596399822e-01
-1.383995045092472065e-01
6.239770225427132555e-01
2.618890313590325203e-01
5.111698991925619495e-01
8.659231689785111818e-01
6.708668150160470578e-01
5.827850988207601279e-01
-1.470972205661340571e-01
4.606719686290694504e-02
4.027607970032465179e-01
5.842894250878074569e-01
7.336861736420028368e-01
-2.074782507901380413e-01
6.543030479177691650e-01
7.329896667916189212e-01
-7.000262334203131154e-01
5.093679250781033563e-01
6.027354966544102854e-01
8.524341276183480254e-01
9.937122325392926392e-01
-5.792485578233663723e-02
-7.115596441802383154e-01
3.388123987915150348e-01
-8.878863238482705977e-01
1.500493618404594720e-01
-8.890250253993166041e-01
4.760521282456997572e-01
-4.570100126430902687e-01
-4.454195725485066149e-02
3.600753870843760307e-01
8.570940762449841266e-02
-3.784626060449534091e-01
-3.247032629750656874e-01
-2.918814082034126844e-01
5.665044279072850575e-01
-4.463190300072366057e-01
-9.060966438577651161e-01
6.368051231766092002e-01
9.932203957494887270e-01
8.551761632763583698e-01
9.362468019051601864e-01
8.750203432247820601e-01
5.968044883637109166e-01
2.369972096136572226e-01
4.210184580952762712e-01
6.145690029722155057e-01
-3.080381356841488394e-01
-9.981048368698564044e-01
-8.652944744484880601e-02
3.108721823709801324e-01
-9.444927241952261188e-01
-9.030915576824809499e-01
-1.292589398192791617e-01
-1.188877932048897357e-01
3.148673673728465960e-01
-9.037414174417368606e-02
3.574433742778271306e-01
-4.799777653934704791e-01
2.026200717300852272e-01
1.279844364531217416e-01
1.223600389064789518e-01
-4.711227531507358179e-01
-8.596267053762158827e-01
-6.279379263466617900e-01
6.337054807807029899e-01
2.444400730071283334e-01
5.212703233904807387e-01
-6.518964806520806121e-01
-3.452410130969949531e-01
2.605607591650049848e-01
7.576590748112390639e-01
9.640280258352622589e-01
-9.534472211523477014e-01
7.382943774850729834e-01
3.865214910722867270e-01
1.382649365876460479e-01
-6.299028022328174714e-01
-3.003669277571474616e-01
2.092546677599427252e-01
-8.411968486534160405e-02
5.086864552488217228e-01
5.177563546408368023e-01
-1.602291335739267630e-01
-7.346213214694781168e-01
-9.025503821285287831e-01
2.458846237235761123e-01
-1.824430442806508346e-01
2.492653120254577637e-01
2.929937809902918300e-01
-1.158365055256174170e-01
6.194163715081024701e-01
7.614897414015131538e-01
-5.471865297498947900e-01
-5.565936618513118717e-01
-5.068583763883123261e-01
-6.447956241793204590e-01
-9.790728373975146059e-01
-7.663408106291846877e-02
5.855378733779521561e-01
5.196470660744063608e-01
2.111438098416427156e-01
-7.962850351988095543e-01
-1.797457529467931803e-01
7.015068628982661370e-01
9.728512000033979756e-01
-2.994601425979692699e-01
1.480895128142978301e-02
-6.469225230970059304e-01
-8.030694224465719788e-01
5.136587371394238932e-01
-3.152510499254090881e-01
-4.368353147634589373e-01
-7.612106960969691194e-01
-6.842487308441820293e-01
-1.305083854785582531e-01
-4.497309558657063278e-01
8.144009209714209163e-02
