1.000000000000000056e-01
-4.772514540501986424e-01
5.486063536911545135e-01
-3.457852067846476363e-01
8.235807675379946957e-02
3.229031953431353852e-01
-1.977330717042982133e-01
-1.366548649401537752e-01
9.627909292284455578e-01
-9.639755096226743092e-01
5.235598054490873121e-01
9.310076395468989130e-01
4.967504520417458380e-01
-6.510610646510968103e-01
9.959196287408478288e-01
-3.035159585012703332e-01
-4.232271933884019788e-01
-4.964110641743071373e-01
4.222887294787527335e-01
-7.681903641918368386e-01
-4.773466211468946341e-01
5.854280205634034839e-01
-4.381216333226656268e-02
8.183279428316814208e-01
-2.204367133271698531e-01
2.687599577033517040e-01
-6.416673107804284903e-01
5.427668269402587953e-01
2.267115414198768164e-01
-4.067905494431778290e-01
-5.393561063339302741e-02
1.776699393003289273e-01
8.024715308549046355e-02
-8.350779136352810550e-01
5.932330002913535072e-01
-6.043652885583865597e-01
9.192636400604197178e-01
2.565003437419077770e-01
-1.163053710118504558e-01
-2.516377694463001191e-03
3.906077616608483183e-01
-7.478067921696005538e-01
-5.551151352636349845e-01
-6.083246309080179159e-01
-9.590047411313957770e-01
-3.030076653041231527e-01
-1.177119764577383432e-01
-5.230690522728391745e-01
6.271392275214917600e-01
-3.045817728350266318e-01
8.829200749291805650e-01
1.795270527893679802e-01
4.977601146888586126e-01
-1.529751931127882880e-01
1.841182537313363898e-01
4.779995702444916894e-02
-7.060021668164975228e-01
9.980271697166582801e-01
-3.261101619630537574e-01
-5.395367532750907635e-01
7.561867383176892332e-01
3.826474024434829424e-01
8.196765345971253058e-01
-7.029380732007854959e-01
3.936085340540607103e-01
6.789958391760668732e-01
4.523943692383980419e-02
-8.568331593636577814e-01
4.166779033437963964e-01
4.230796716547542413e-01
3.289342924847855620e-01
7.018066605962798299e-01
5.525994960958924285e-01
1.495153731153999743e-01
6.928493863474551873e-01
3.133487752535502047e-02
9.567831778904158924e-01
1.371023151339234580e-02
6.799499066005205705e-01
-6.949477153248486694e-01
-3.360609818013138295e-02
-1.417511447215635823e-01
-2.323858516456698275e-01
7.402382996763714473e-01
-5.614147777571898423e-01
3.205470725420767053e-03
6.274913298257200900e-02
3.352094285110207572e-01
-9.461671377304774477e-01
3.719649353729426178e-01
9.404025558425059828e-01
-1.998398996977026609e-01
5.684752448540564274e-01
3.876881438986750084e-01
7.692814631703297490e-01
6.187532491313858518e-01
-1.580074498465502408e-01
-8.933679817288502356e-01
-5.578206715659699277e-01
4.793549771537866100e-01
2.060367195333370205e-01
-9.521580966658813594e-01
9.424974637216720907e-01
-5.243941790764885535e-01
8.211786887199128415e-01
8.891555607441030684e-01
9.732872398516403400e-01
-7.615865079313199892e-02
-8.629577902879093099e-01
8.775096261514467866e-01
3.556829288128686706e-01
-7.743188021020444012e-01
1.521146903396071171e-01
3.932841945586376120e-01
-6.118913935353837985e-01
7.190540267677845154e-01
8.043984331983122793e-02
-5.373690668946344839e-01
7.269984175113819447e-03
6.114495304335691994e-01
5.317199159644647732e-01
8.535872881409922730e-01
9.281255027148032077e-01
1.627268732336801804e-01
-7.914296744671338590e-01
7.661801228660267693e-01
-6.003726348985283234e-01
-4.905766075108608515e-01
-9.648625477746781698e-01
4.244799347160412850e-01
-4.960352110906995904e-02
-7.911997858935644334e-01
5.367077593849103323e-01
2.165190615701255705e-01
2.387718326578012196e-01
7.463931308751501348e-01
3.916751819584549654e-01
2.063207104695217176e-01
8.676915250096437493e-01
-3.961976215772018417e-01
1.534299318622456276e-01
3.174082020407187343e-02
-3.569143654643105457e-01
3.281281040119161663e-01
-4.175931655290914257e-01
-1.918033077000731446e-01
9.313445792209438245e-01
4.240764443052014165e-02
-3.522784832504213259e-01
1.990042140399399528e-01
-2.826764250991509186e-02
-3.225014359470477210e-01
3.580685787293551581e-01
-1.732768994647657657e-01
1.809636564984484774e-01
-7.021517158694212668e-02
2.506750179693135738e-01
-5.895930696928772807e-01
-8.201789149203706497e-01
4.992777948701034862e-01
-8.186190871153231630e-01
1.447161746664078485e-01
-9.489802156029101265e-01
-8.175923813683223518e-01
-3.733205817606009003e-01
-9.245149436149702193e-01
3.391924783468636129e-02
3.200952600287123584e-01
5.312331809092250001e-01
-4.914750646866188344e-01
-4.534937340206082190e-01
-5.220194326561022891e-02
8.709413019121206023e-01
-3.242052976777591855e-01
-3.197273048424309483e-01
3.461424144340525810e-01
-6.349036311970139845e-01
6.706953590673712107e-01
-5.268569510589549143e-01
-8.522415426563318963e-01
-4.812082421585421876e-01
2.041642578662274943e-01
5.463045512396225156e-02
2.408498573611355109e-01
9.934142052645777987e-01
-9.514719392954200661e-01
-9.058085435924529971e-01
2.547359018834165489e-01
-9.235919514806680830e-01
1.472165809847192364e-02
-3.168044747630198721e-01
5.971842274383871718e-01
-3.426308217661264699e-01
-7.962363352128185578e-01
-8.509108876819551082e-01
2.874068812136558737e-01
-7.851841643670816051e-01
9.590916317710165284e-01
-4.978238853173644340e-01
3.744238889772306678e-01
6.962840627257609327e-01
-3.163413096918739065e-01
1.516368883982608384e-01
-4.642096966596063190e-01
-4.712520669105968452e-02
7.271461624132635748e-02
-6.256878221750159508e-01
1.294006760940071832e-01
7.446824469156925197e-01
4.417530167952397058e-01
-8.108015769385501503e-01
-5.174378423153613848e-01
9.563606629158849515e-02
5.431662057324015969e-01
-2.444359307982113538e-01
-7.727185146206090316e-01
4.225898007137174339e-01
1.582710721649538410e-01
-6.469167789365013466e-01
9.771276849506325135e-01
2.088075775601672124e-01
-4.341976612718800865e-02
6.717349196152897495e-01
7.073662913797689189e-01
-4.727676400837375059e-01
5.400727108492731077e-01
2.711958935613141275e-01
9.537940834357525599e-01
9.155925179642721012e-01
5.180740162285306649e-01
-5.674625749181843037e-01
-2.730890250339315095e-01
-6.918180532243050074e-01
-2.966852190196049843e-01
2.812412708090270552e-01
1.282883289634697555e-01
-6.098947056785677390e-01
5.963237471906965848e-01
7.688551359744175695e-01
-1.104005693014442624e-01
3.459299558956898668e-01
-2.910303297192338157e-01
4.919788316840612019e-01
4.955276427229395875e-01
-1.417880985623334311e-01
-6.816736621734698076e-01
2.087510883903154202e-01
7.687109334617452383e-01
7.652206589310899254e-01
2.824006689151552507e-01
-3.670831236981957346e-01
2.988189026567424911e-01
7.936838224635291983e-01
2.648052742782665003e-01
-2.158134537758573668e-01
2.783333070906244266e-01
-3.050449929209819722e-01
-5.679695004418057191e-01
-7.430096451555789905e-02
-4.281216841570854026e-01
-2.642834312962190069e-01
6.918377478963477767e-01
-5.543859097616015141e-01
9.425354133676133728e-01
1.227183584383761961e-02
