3.159733157453714636e+00
-9.821222291036137975e-01
-8.549056538570343200e-02
6.105140466817673417e-01
4.984400248516229759e-01
6.444271751709522711e-01
1.689881223743014971e-01
2.799368590918926980e-01
-3.279529570641446234e-01
-4.393810633201418181e-01
2.106449233679597022e-02
5.331142395316368354e-01
3.832662832069069214e-01
8.159465844430355830e-01
7.562670493304894936e-01
-1.707716751221084461e-01
4.659461395947341877e-01
6.265684150261268126e-01
1.816743994661969008e-01
7.064062409061366843e-01
-3.188897765486753411e-01
8.072924419043361333e-01
7.185988023055713825e-01
9.412297886740295105e-01
9.660123850491271202e-01
-6.528257201937519572e-01
-5.003557232267907828e-02
-6.477139694562885630e-01
2.207997864516928477e-01
-2.777697107413132915e-01
8.855629708831860292e-01
-1.724000740714988211e-01
-8.854639022016870253e-01
-1.064781724423857767e-02
-5.910662470273431168e-01
5.327929345972963748e-01
2.080501745832536997e-01
9.733170562398696379e-01
-9.238380115597408793e-01
9.553526292180418711e-01
-8.218156510236274137e-02
7.051323061755643273e-02
1.079107125758713703e-01
-2.803946905420700020e-01
-3.015705702394955168e-03
-8.092728430625308889e-01
-9.818890547432717053e-01
-6.557154328685834699e-01
-3.306086356202071475e-01
8.235071830972482410e-01
5.291151009253405313e-01
-3.649322921061211034e-01
-9.015529623688829375e-01
7.972430057633628220e-01
-9.630229532346583632e-01
9.646084348042838208e-01
9.224624257897851010e-01
1.405779853528810186e-01
6.354879584741515153e-01
9.570713991569612666e-02
8.692779375186239221e-01
-5.432140120101929259e-01
-4.873852192301186825e-01
-2.995560486479904583e-01
4.511483625254184560e-01
-3.535300200955648897e-02
7.047456425038154393e-01
8.974721703911834325e-01
-1.727627541984988468e-02
-1.121091909742188975e-03
-4.413796024869485191e-01
-6.092340805227403067e-01
-7.565519867992425151e-01
4.797711858674775787e-01
2.076141592224896026e-01
3.289010757963239939e-01
6.286704816174322197e-01
-9.444479725255021663e-01
-2.552167368205773279e-01
1.544517809767349537e-01
3.759231167257779394e-01
9.847312825847831519e-02
-3.120587447158136296e-01
-5.322605910639939264e-01
-1.145257019789092112e-01
-4.397347017468613561e-01
8.175260183222095023e-01
2.959387275139846452e-02
-1.609069487787877506e-01
5.512910771893042572e-01
3.504450027968706305e-01
4.056170226810773549e-01
-7.100111466146126205e-01
-7.633814073665770028e-01
8.431553401520019975e-01
3.203933251143784577e-01
-7.151579796651441612e-01
-8.577669303501882503e-01
5.579062063522419734e-01
-6.754669946876141751e-01
-2.219910835720440012e-02
9.216248411291190212e-01
-3.807135092479756455e-01
8.953864799152313481e-01
-3.042728294901686503e-01
-8.335081755459194941e-01
7.765297522463971980e-01
-5.441573909298202949e-01
7.497425701565589851e-01
3.595226399691211494e-01
-3.573758478430970609e-01
-1.166200751236150523e-01
6.920032752506479756e-01
-4.608371698823434670e-01
-2.979538549158700089e-01
-4.273021408450978775e-01
-7.752688043086817249e-01
3.760614252235834343e-01
9.786505374963005988e-01
3.542098490596834459e-02
-1.351539336340623620e-01
8.592933355083736124e-01
-6.491431121693607142e-01
5.453494421599534014e-01
8.534564161963631435e-03
-9.634287444236246944e-01
-6.529588308025346954e-02
-6.871880222375390534e-01
-8.921173638792854188e-01
7.244883166427062982e-01
3.326910826447606606e-01
-1.450290413806309964e-02
4.989493471339128128e-01
3.994117321922474595e-02
-7.090444465979839350e-02
-3.252142221065805749e-01
9.344449651287833891e-01
1.907459743555215415e-01
-9.075836730221840121e-01
8.050398780169780721e-01
-6.792930964283538930e-01
-3.442057371991600334e-01
5.855397163576347985e-01
-1.616896431115006916e-01
-8.304193528655954282e-01
1.774229830872304792e-01
6.721235382262980007e-01
4.706846950387839623e-01
3.597337635244235443e-01
-3.466071022994123840e-01
7.032078922549027666e-01
-5.297347947502801802e-01
-7.654995978398368983e-01
5.917717793266090709e-01
-3.317871435667079094e-01
-2.435096162292493815e-02
-6.610884324822885461e-01
-1.368542447860709999e-01
-1.729849610619955680e-01
-8.535437232220823844e-01
-9.233454122844249046e-01
-8.784027599078503279e-02
-6.747464861493239763e-01
-1.181969691561044478e-01
-3.077117595283265228e-01
6.461113837244243374e-01
1.982741812822896854e-01
-4.319491328148779008e-01
-1.331495089659695541e-01
2.862394019092395769e-01
-7.823050302811722645e-01
5.869720236575592942e-02
-2.942270301932976562e-01
-5.835899453612438670e-01
8.337522263894801000e-01
1.576240275852893724e-01
4.741535850509803751e-02
-2.134673629477366052e-01
-5.194435587839483226e-01
9.730288634231674116e-01
-7.625361682305853428e-02
-1.639567595851376680e-03
6.587306176678509040e-02
-7.363140477357452696e-01
9.092741374021908740e-01
2.652282681217879023e-01
4.040317596670142120e-01
-9.530588499077758957e-01
-6.444895372421099999e-01
-6.369186950842893324e-01
-4.660408484189864087e-01
4.810020829652250640e-01
9.633061262942561598e-01
-5.728120597689425608e-01
6.629380156581432537e-02
-6.089349251881179814e-01
-8.578911510031554943e-01
7.341641506145015761e-01
2.441513990529819988e-01
-8.285811646024932031e-01
-7.667617517961966556e-02
-9.050540852460080554e-01
5.282694235969944696e-01
3.344772141773351137e-01
-4.916673424267616888e-01
-3.672131649061527447e-02
-3.347690873620079444e-01
-8.993172234280966126e-01
1.247808790614235441e-01
6.715008036160983185e-01
-1.986294394542778008e-01
3.414502570908068968e-01
1.227422691298951651e-01
4.680169602722958899e-01
9.307787908371401020e-01
-8.645966145827499449e-01
-7.861338473128256510e-01
-9.523433807611048074e-02
8.772701399191826788e-01
3.275675167922904585e-01
-5.891038284686072046e-01
4.882132317443610425e-02
-9.769111119078015548e-01
3.246830281231878335e-01
-7.796935092286627622e-03
-1.592115452526592367e-01
6.124239936158033526e-01
9.972939855648543794e-01
-2.392266513128615824e-01
-2.178819262559388292e-01
-8.351848166082154190e-01
4.400461551676904115e-01
8.402750258820481655e-01
6.381957951320089695e-01
7.906707563255881421e-01
-5.484574922876837011e-01
-4.958454538622492080e-01
7.455038773963404974e-01
7.887495119525249621e-01
-3.793157909446382980e-01
7.590404698897268432e-02
-5.325813942932540179e-01
-9.228124195681830511e-01
8.537945050831894367e-01
6.780601498633385127e-01
-9.629822951692876831e-01
7.212609497887556564e-02
-7.058698935131562102e-01
-7.513607637515280491e-01
-5.988793900613131882e-05
-3.804529580639921527e-01
-9.282805626725942894e-01
2.145769345262229510e-01
-9.037809287660625301e-02
9.574897694221518041e-01
7.613143453575657027e-01
6.055682768652119741e-01
-2.480170303818272082e-01
-4.330171187455920112e-01
9.294367938846037625e-01
-7.629588159939091341e-01
4.193070444290258880e-01
1.452316205685120210e-01
3.892441893069589209e-01
-9.020366586491723737e-02
