1.000000000000000056e-01
9.846066796431274248e-02
-2.854786967215994231e-02
5.949181076268219570e-01
1.215588392527111594e-02
8.940846686392844855e-01
-6.817828578369864445e-01
3.951479820166476919e-01
3.869496400183980445e-01
8.276801642740738707e-01
-2.415226933133423071e-01
4.934372535923781111e-01
5.259986072427591530e-02
7.400751638324678527e-01
5.174580860190152176e-01
5.390106239713698955e-02
1.387625503699239093e-01
-6.106509367497048313e-01
7.266613430034125631e-01
-7.341260440683663457e-01
8.420559594753191934e-01
-7.228039532158607727e-01
-7.818848965424538555e-01
-2.435302448049940782e-01
-6.275108119945347340e-01
4.619085439599524001e-02
-9.792831251017639627e-01
2.253427207559983714e-01
4.469756623473306600e-01
-1.948074376203385860e-01
-4.854571656200854513e-01
9.679966655877452197e-01
-2.130630907674468943e-02
-5.017513087967642171e-01
-5.722935878023882594e-01
-9.309738298010434843e-01
8.477209290322360591e-01
-3.025837908464903414e-01
6.904553999652949248e-01
-7.591440954491031068e-01
-4.723725709830406405e-01
7.930601808615429515e-01
4.345824985974167110e-01
8.468266328044484759e-01
5.602654333424166300e-01
9.291198456461526867e-01
4.867324576610541076e-01
3.533857466931928926e-01
-5.023113936045862093e-01
-2.403413112396639573e-01
-7.806208678474628737e-01
-1.738747066361250315e-01
9.513493081790482808e-01
-4.707947866237014445e-01
5.475099421367526364e-01
3.572932055576876209e-01
-7.102381886031285951e-01
-8.338039742574574475e-01
9.802676612357765773e-01
-9.202737568619419051e-01
5.701999892876399301e-01
-2.669547764527591127e-01
3.781355322908395156e-01
-1.221644935754597761e-01
6.360929320262489473e-01
8.264114398339514889e-01
9.533454256600273347e-01
3.076089136019664050e-01
-4.599008331081368972e-01
-1.412770637465134982e-01
9.193288128225562961e-01
6.577259215466058073e-01
4.261678088316311896e-01
2.932379530445539118e-02
-3.141234901532767854e-01
9.422235404130310243e-01
5.880570742616040292e-01
-1.541771143639558694e-01
-3.815767904766462770e-01
-4.003828370236737211e-01
8.814738441935046076e-01
5.873400524469849504e-01
7.224678325324453976e-01
8.585273270636277765e-01
-9.278622440574686436e-01
-4.983739005676524059e-01
9.448829898010973061e-01
9.685620327270203500e-01
-7.594411889387124859e-01
3.900400446853031777e-01
-3.327989739353554022e-02
6.466374337538276507e-01
6.620351135614206406e-01
-4.611856868834263157e-01
-9.691632956992026759e-01
-9.515907139510555446e-01
-3.894874727991530783e-01
-2.118348314507936259e-01
-9.583158304130987570e-01
-3.283950445969430199e-02
-1.014190738431401950e-01
6.177415734573024064e-01
7.406914275836258277e-01
-6.827685933316511857e-01
-8.668391531833534724e-01
-8.071639586271444067e-01
-9.400266969607422585e-01
8.826004554080379982e-01
-3.636811314682366625e-01
7.398458936884386716e-01
8.219818099665838762e-01
6.194384058743287458e-01
-2.959095407866949579e-01
-2.504790764168740580e-01
7.928110968645356582e-01
-3.371261663695421795e-01
-8.760935750225664620e-01
-6.991351120594815338e-01
-4.745965534852618628e-01
5.730510281474208156e-01
-2.293631932882409519e-01
9.514589746054216146e-01
-7.299588249794819461e-02
-8.769474086856954287e-02
-9.443393305555511930e-01
-8.175989409516035700e-01
-6.251550562273398004e-01
-5.417560027274539447e-01
-5.351105775987183844e-01
1.858870421343215007e-01
3.770895241655309871e-01
7.780148146732486225e-01
4.852362293400569460e-01
-6.081701463425523979e-01
5.850362177400263430e-01
7.601921710705232815e-01
8.963052727070131009e-01
-7.466315660854589975e-01
3.676800216780995445e-01
-3.324228889924873975e-01
3.029316662402314897e-01
5.874834412369034364e-01
-4.418038430230282199e-01
-4.237626335029831548e-01
-5.987058869126917759e-01
-7.042604668826137893e-01
1.172096759620278039e-01
-9.644145831952264381e-01
-9.888435617474209405e-01
-5.156097559324093194e-01
-1.950290845392390615e-01
-5.855226234818053932e-01
-9.450962132801308258e-01
-5.109944030415776162e-01
-4.720183837167379881e-01
-6.353584680302004628e-02
-9.124024497756122454e-01
5.445423203118726629e-01
-8.593139403295706469e-01
2.000449939133397415e-02
3.020352012002807118e-01
3.110432678826056119e-01
4.647868695673389450e-01
2.407834232355177129e-02
5.743866038704683596e-01
5.690776132650960939e-01
2.632363582610373065e-01
1.535012093779843934e-01
-7.116122852316804082e-01
-6.063776762634720541e-02
-6.283383911127400356e-01
-6.397079729076611265e-01
-2.647202758632998254e-01
-1.243595005964035494e-01
-1.931636450192120158e-01
4.045052497742287478e-01
-9.842177576636894631e-01
3.299451797430283939e-01
-9.042569665080972818e-01
-1.495963464929037645e-01
-5.072557695010269097e-01
1.927389902410470146e-01
-3.896315987509593182e-01
5.886982283338848543e-01
8.183980318650416752e-01
-3.741904809662457421e-01
5.419115192991035279e-01
5.277165326277089008e-03
2.423938001538150644e-02
-9.128628715377462566e-01
9.134349575309574920e-01
4.416733985042298194e-02
8.577435616014670305e-01
2.177219275739885607e-01
-5.486437175002911726e-01
4.586419655039351007e-01
-9.058068144326183457e-01
-1.370867648300906350e-01
-6.459952105971280556e-01
7.020597169793061365e-01
-5.435828265588900088e-01
3.076734546823900462e-01
-2.914205412722603583e-01
-9.830448278901740000e-01
-3.695557012522747709e-01
-2.941777909234166710e-01
5.112016203116378499e-01
1.063303828056418876e-01
-6.696872543828304991e-01
9.072608129499724061e-01
4.175207053853371431e-01
-7.902498940938007532e-01
-5.220159108500754819e-01
5.061855258847129946e-01
9.543099404888502058e-01
3.988751180596243895e-01
8.425243840636187365e-01
1.043278297526681886e-01
-3.163748563193120589e-01
-3.291695669578209582e-02
-8.222328820746240829e-01
5.545710092208240294e-01
-4.994030211177751255e-01
8.149564817639392000e-01
7.001122096435363762e-01
-5.770518666584429912e-01
4.058145001869919444e-01
6.910528924070100665e-01
9.579796387535517432e-01
-5.642070637434037916e-01
3.387388516656950621e-01
9.932192175296761238e-01
7.699830388652213475e-01
4.870430334448896392e-01
5.236479094002242096e-01
-3.793331867355296261e-01
-8.222549376460053239e-01
5.410314699687559514e-01
9.641215328492527270e-01
-6.212555552129765957e-01
-3.548485448359339767e-01
-1.778427142544110051e-01
7.128716544910169706e-01
5.310610300795115535e-02
7.213012346749687609e-01
-6.296703307264583938e-01
-9.340598543976776913e-01
5.784917201065651327e-01
-2.265399800554293019e-01
9.844128040069315411e-01
2.901677163749800670e-01
-6.903099646005639300e-01
-4.293168147737072005e-01
-2.923200740577125423e-01
-4.781262072197269841e-01
5.456297477668936580e-01
7.546000995529063005e-01
2.783545378093246203e-01
-5.972595644008127369e-01
4.518952849369546332e-01
7.561522518842982432e-01
-7.691065919225150704e-01
7.848240738384344439e-01
6.116919886088780789e-01
8.656772494155484665e-02
