1.000000000000000056e-01
5.545663368631397194e-01
-2.773640176934444312e-01
9.723565502185023135e-01
7.027546095674084281e-01
5.699531202280019304e-01
-4.769180800699328593e-01
3.484098366144761094e-01
-4.846268991334050646e-01
-2.763479975742400008e-01
7.277234179874507713e-01
7.948460270064692246e-01
5.574276427394275757e-03
1.004128516910787194e-01
-7.465326622302113080e-01
1.612652168666135477e-01
-2.062395716059195472e-01
4.842914780589779866e-01
8.768108885968979305e-01
-4.822556221293956558e-01
-4.447144739445167971e-01
7.223312297872275245e-01
4.541222870499073139e-01
8.735826315005579268e-01
-2.188773231553837739e-01
5.817848489020192027e-01
-4.653289350846978589e-01
-3.435247292715264411e-01
6.743983538224469498e-01
2.792628100165608362e-01
-8.271396516622964157e-01
-4.052751764962982950e-01
4.149087632621029087e-02
-9.582364009653567827e-01
-8.027793543817691724e-01
-9.044582138453101106e-01
1.855056378928721106e-01
-9.184188204268473044e-01
9.022304707947379487e-01
9.381166851664626272e-01
-7.490907864506390901e-02
3.138394683031164867e-01
7.999081134412955318e-01
-9.896730156041186888e-01
9.774226606423734864e-01
-8.855294376974434112e-01
7.329269360117105503e-01
7.686596646376275821e-02
-7.993537386885007923e-01
-7.352390635893686355e-01
-6.471210756897738392e-02
6.205387322398374650e-01
1.376307934597567062e-01
-7.398302532788507690e-01
-3.431122222343228056e-01
-8.104978635044757240e-02
7.454258797801525116e-01
6.124171817724453071e-01
-6.986582960885496796e-01
4.419383025870955439e-01
3.813774671293712615e-02
-6.385477972711586236e-01
8.165797591248262766e-01
1.613660239086784909e-01
1.037269175393671361e-01
-5.750111105128976607e-01
-6.564259230704772019e-01
-7.227544346092811267e-01
-4.594521526139137002e-01
7.631453658972695564e-01
-3.817025857479308115e-01
7.283901705655899672e-01
7.112488866466766257e-01
2.211434012759969647e-01
6.658396664756773831e-01
1.947972209986186254e-01
7.046756084219674143e-01
-1.949006943598214914e-01
6.899129339821232776e-01
-4.536116167683448275e-01
6.081346887074658980e-01
-1.255691929487838809e-01
3.556124690283968270e-02
8.998849845297676175e-01
5.376109753700293314e-01
6.815498936007571285e-01
6.382565902191816853e-01
-1.723610186751010076e-01
-3.116896633947874307e-04
3.845541794174029970e-01
-4.525550917566858455e-01
4.532061064495196412e-02
5.100551734455729402e-01
-5.991862959335065852e-01
-9.101221329859103815e-01
8.791639805677764485e-03
-6.445656752206876394e-01
7.487487265754770860e-01
-8.803374807166914895e-01
9.043183545314192884e-01
-8.149023895541511742e-01
8.608128911164645292e-01
1.559853059222149341e-02
8.045266888115050197e-01
3.001812229623612716e-01
-1.383420841738520757e-01
-1.481192619075206718e-01
4.100473310285974726e-01
-1.060179424180995866e-02
-3.220696527873438963e-01
-4.866089181111012962e-01
7.628776788955897725e-01
-5.545101826842195880e-01
9.722595175632786635e-03
4.094150961262823518e-01
2.833022008290386751e-02
-2.098116650543491168e-02
3.296487584972993545e-01
-9.671947736811898899e-01
6.732340954704405522e-01
2.226990760349401022e-01
4.725622940159035501e-02
2.119204732297104155e-01
6.982305052436443837e-01
-5.433990513658513155e-01
7.974464617435257363e-01
3.951736425676226627e-01
7.598022624054259211e-01
-4.525372434937342536e-01
-1.365125637069630748e-02
3.606258025796393873e-01
-6.393317820725785694e-01
3.010380369642067233e-01
1.500317814820704143e-01
-6.544642267565758953e-01
9.395077331017136490e-01
-8.536595381098646129e-01
-6.470003196827143199e-01
9.428154526935417223e-02
3.698212311657291806e-01
9.509139253539844461e-02
1.627259057895369398e-01
-4.921801338314457652e-01
-9.067648294248364937e-01
-2.318838322540728303e-01
5.308660709430419455e-01
9.521363797335691270e-01
-5.629482870791309157e-01
1.232605596232176914e-01
-2.919694260574596800e-01
5.088771527207667233e-01
-8.683560814515995929e-01
5.680582785375045685e-01
1.466495065656481245e-01
-4.469509036722094653e-01
3.583722922181011850e-01
3.497013784908895584e-01
-6.630979909499385982e-01
-7.205785159984918753e-01
-7.713154007109035426e-01
2.502999325257859731e-02
3.920973450804521310e-01
6.149322115062554328e-01
-4.019960152327208824e-01
4.753892895089328885e-01
-7.250091807584730930e-01
-3.713022400973482462e-01
7.977501511508915399e-01
-4.327489303048219771e-01
7.947024516355298829e-01
1.140415898538549300e-02
2.050369840597763282e-01
1.262444650087253262e-01
8.296858763955450300e-01
3.987889587466753039e-01
4.592038533344353635e-01
-5.383969648672084496e-01
4.582204550744959359e-01
-6.312664594022026066e-01
-1.467440172107603580e-02
1.387019993215241609e-01
-2.629651825682561839e-01
9.028872247759192060e-01
9.992377465272228587e-01
-9.689204782603488830e-02
8.010418502237175442e-01
-2.384776704182598461e-01
-1.752246945656119603e-01
-8.519280727493767635e-01
-6.079634295034985758e-01
-2.227556438010394047e-01
-3.397050536832026957e-01
-6.139898143361848248e-01
-3.291584605223709659e-01
-6.264464620086487301e-01
7.396161512299446184e-01
-3.613909710789220409e-01
7.127014323108071814e-01
-9.240831960852065041e-01
-3.735463208273424041e-01
-9.863647158301702689e-02
-3.565100262851013113e-01
-7.089561174481144867e-01
4.528815462577926443e-01
-1.967076569308743306e-01
2.090765185498266732e-01
5.177199617373191565e-01
7.373765896588666546e-01
-9.122724693165464860e-01
-5.794084084069510698e-01
-5.290220372365272983e-01
-6.822930897729611033e-01
4.862439735637043015e-01
-1.078291751453614999e-01
8.261389886856622677e-01
-7.368772308635342938e-01
-5.927614620415444513e-01
-9.081001560200583356e-01
8.575687414565984490e-01
2.393640474920830652e-01
-1.098715632827940158e-01
9.135554924789686115e-01
3.598306915148998808e-01
8.173264341141806000e-01
9.263169543131277717e-01
4.116414759150535119e-01
4.791444554921280297e-01
-6.089081551311492646e-02
-6.521120371072119948e-01
8.255163045989613035e-01
2.895657998590459581e-01
-3.327027535445870043e-02
9.931766266198183146e-01
8.024038273491120865e-01
-7.195960776707344131e-02
-8.232766185309057239e-01
-9.739839611618157367e-01
-2.258445597531117954e-01
5.688092517869927089e-01
-5.060195731059089486e-01
2.851030278257957740e-01
4.817041477859622667e-01
-4.198405221616521299e-01
2.251487821742315099e-01
-4.353851955225072068e-01
-7.103887927042564776e-01
8.221315638078288135e-01
6.653988874053828884e-01
8.012005592203217397e-01
-5.576725791392493914e-01
-5.519370517379535990e-01
-5.863537001532930226e-01
5.330863714089859595e-01
8.189560984055521686e-01
-2.689425270014802472e-01
4.258508625085739574e-01
-6.465822022171985317e-01
-6.110186251978064753e-01
-3.604113775916888418e-01
2.128211540009981029e-01
-4.005378978012799074e-01
-7.426628664331480500e-01
8.538371055191942283e-01
2.635665886364728649e-01
-1.102488074314473820e-01
