2.352974320761380689e-01
-8.826613410111052715e-01
1.182450619491415278e-01
-8.015366511068962030e-01
-3.736585501839844170e-01
-5.450768989727436953e-01
-3.652703361051188313e-01
5.021408520926444741e-01
8.992602595385599251e-01
1.127401211313918683e-01
-7.820712132435241326e-01
5.471135400064832677e-01
-2.900514670729175126e-01
-8.864222908036061277e-01
2.474348941604662677e-01
-2.840464819690793341e-01
-9.572539068476229041e-01
1.026982079956622051e-01
3.789474403235537636e-02
-6.729746626006143373e-01
-4.012781526381030694e-01
-1.520120799211532869e-02
1.177585656634954070e-01
-2.592678188318213728e-01
5.269739107219841845e-01
1.665496898566434236e-01
3.199813588420648003e-01
-6.834242589014882796e-01
7.124142498551773173e-01
2.486000984999086061e-01
-7.526808862307416970e-01
-7.445786999856143229e-01
-3.314883507114640970e-01
8.284420802374705683e-01
2.768573353734671283e-01
6.550649927292024888e-01
-1.633779008926230514e-01
-9.672337893573157430e-01
-4.172362869556440756e-01
6.023103173029524804e-01
2.745188389282311459e-01
7.980381454349567694e-01
-4.907625678512874678e-01
-7.838474023199324403e-01
7.856245269748087789e-01
8.875734106614814323e-01
-7.865514501897905575e-01
-6.700450349423190399e-01
-2.990762177356780516e-01
5.648761231660923698e-01
4.796830156775564458e-01
-2.702779676011828336e-01
7.333661419001387127e-01
5.734265279060057896e-01
-9.106210993596448589e-01
2.054901469748779963e-01
7.327299462849561351e-01
4.675410015052308133e-01
3.151247837768196280e-01
-3.609636864620013874e-01
-8.773594832286080170e-02
2.457665829107895661e-01
-5.006058334116192388e-01
-1.702673851320151144e-01
7.144150554202430836e-01
-5.835829691505476369e-01
-9.515665236022743390e-01
6.792653782038624577e-01
-8.168426379713258356e-01
-3.870860843656047656e-01
-6.598463237035985252e-01
-9.616521029039808433e-01
-5.628131721914892971e-01
4.376712368007782405e-01
-2.224354812720594765e-01
8.747058765059370078e-01
8.725402738802336966e-01
-9.661819408118315078e-01
1.274077877047752327e-01
1.963737982238333846e-01
1.417110730963431209e-01
4.321746870978862010e-01
9.662974349106998595e-01
2.186638268800722429e-03
8.700457084378592221e-01
-2.701537611815538753e-01
3.292022963926475310e-01
-7.775427180196206045e-01
-2.612251044459790172e-02
8.403901891045517658e-01
-9.300796426487962787e-01
-8.120560688885343215e-01
-1.271380501719376888e-02
-2.746543617708572249e-01
2.044880473612435967e-01
-4.563101264458209183e-01
-7.686936854838655186e-01
2.626218166162086476e-02
4.317460766219438639e-02
-4.537274712946728350e-01
-1.721709319999185084e-01
6.306600353631253153e-01
1.648136940213507096e-01
4.051891666610898390e-01
7.891384261418850077e-01
-5.343934416282623001e-01
3.655456529942351374e-01
-8.173191073933459005e-01
5.902475289847852746e-01
-2.977187004224661759e-01
4.430618027975936624e-01
-7.335328706177346447e-02
6.015449684319726931e-01
-1.857165994298775047e-01
-5.408039818321948022e-01
7.532455659673908954e-01
5.295704296389602828e-01
8.791479775146537889e-01
-5.169786181203694930e-01
8.446911111563870644e-01
-4.373838640032603475e-01
8.582362577542661519e-01
-7.867523681035104577e-01
1.901913809007111933e-01
6.159249327240499117e-01
-6.416197219652788331e-01
-2.517797399464991592e-01
-4.903429431945807160e-01
-4.536491512136373583e-01
-2.909642809584529477e-01
-4.698099982523262774e-01
1.072058538740261469e-02
5.210522589924186931e-01
9.827522225152451885e-01
6.876963098934034679e-01
-9.687760396508937610e-01
5.837926045395933627e-01
-6.505023607438302768e-01
-9.246303218753182396e-01
-8.378912588721587618e-02
-8.971805630569582579e-01
6.072174472642495324e-01
8.273853239111741420e-01
-9.374498581684085341e-01
6.503309720318317666e-01
1.703583033139195457e-01
9.838478333684148591e-01
-3.843884450737891090e-01
-1.945420767243466464e-01
-5.578707240258351518e-01
-3.280633018642997722e-01
-1.162213037238271074e-01
-8.262168439627015637e-01
-4.878830535077889330e-01
-8.732571726812086155e-01
-1.432859777240835797e-02
-3.289354789805996049e-01
-9.833837235221158934e-01
-8.105913444846810645e-01
-2.364864704274078910e-01
9.060015893064932158e-02
-2.807250594269716792e-01
3.835920315763141630e-02
-2.409244953463252070e-01
-7.081178501770271083e-01
-2.519004709150010068e-01
3.550307276794555378e-01
-9.473310533432552916e-01
-3.318875745977447611e-01
-4.518130769442743055e-01
-2.779737419489058947e-01
8.362910884929690702e-01
3.487531857196011220e-01
-5.731221151506000755e-01
7.675767833269402374e-01
7.090877431256099594e-01
-7.086759670918940657e-02
6.261341144814520643e-01
8.000337003738606789e-01
-4.233892203866571613e-01
6.178594118379885369e-01
-9.077208864477921413e-01
-1.305770294445536273e-01
8.022826271520222541e-01
7.039561510298555369e-01
-7.534541252585336135e-01
-5.576567711959925511e-01
9.439900644179388678e-02
-2.093378866772634961e-01
-7.968756608567275634e-01
-3.528161403542751096e-01
8.034319976948811615e-03
-3.544657914060227455e-01
2.762687985841434379e-01
1.402805294350728538e-02
-5.502321258310023389e-01
-3.153956107138422560e-02
9.075397046476860741e-01
5.153206796861915517e-01
-3.848875979603605391e-01
7.620025340518854495e-01
-5.500928343943529697e-01
2.466876849538690575e-01
-9.989878557195979170e-01
-3.915638619805450471e-01
2.123117672463736838e-02
6.653051226881845359e-01
-6.088155108020716355e-01
-1.668648128773997374e-01
8.880829740581119847e-01
-4.684133059804573840e-02
-9.892853474644935918e-01
8.534415204737788585e-02
7.608867095810620818e-01
5.655170310819173096e-01
1.671564094015132174e-01
-1.790739565314605208e-01
6.755772951162843931e-01
-5.779488024153671688e-01
-8.562193475259656239e-01
-8.820822871573636981e-01
-6.217240504704204529e-01
3.940197591626892759e-01
7.876902059779771204e-01
-4.323546568943406054e-01
9.759254635512153442e-01
-9.729997555961178435e-01
-2.259168727060829607e-01
7.153646551785217689e-01
-3.954372753626307357e-01
-3.413448884942833494e-01
7.701098501904597438e-01
9.174238261015132956e-02
6.511330071629872762e-02
3.152552577013567614e-01
-7.117928657499101863e-01
1.040927696965534555e-01
5.644805699954171807e-01
8.332851884898280215e-01
2.180989096893668489e-01
5.997295009776792973e-01
8.216564519693858593e-02
9.014488835456768712e-01
-2.501200361425113261e-01
-8.429558138188188998e-01
-5.153593354176746466e-01
-6.351503248002430269e-01
6.628564422041740567e-01
-4.536340839051851148e-01
-4.982671101928513036e-01
5.150455492760173115e-01
-9.374083102038299753e-01
-1.570708299001599695e-01
-7.117267968766562980e-01
3.510710309851023947e-01
-4.732049895609453660e-01
-7.160783872852243270e-01
-9.538024264772704264e-02
7.995638928942205848e-01
-4.274598671381941717e-01
8.631289411072662343e-01
-7.263462869814698575e-01
-3.166644965348888174e-01
2.333605811311516565e-01
6.964161557574595207e-01
