1.000000000000000056e-01
1.846113268410629615e-01
9.264668324031002378e-01
-2.718855447319068475e-01
2.531061196938797497e-01
-8.986936154074864902e-03
-2.707490273521484525e-01
1.714479328440667860e-01
-3.922888162382287547e-03
3.251679965666816052e-01
-4.264598838619118037e-01
8.011747051071658188e-01
-2.073584822548539819e-01
9.264461127597896084e-01
-2.617767305077456363e-01
3.232912465572630456e-01
9.419591804556060044e-01
4.067086187500725813e-01
-8.390326968540398056e-01
-7.560299707548914228e-01
2.043998103986943704e-02
-7.410596466568375451e-01
-4.458391168480608791e-01
-9.073274568899472037e-01
-8.156744546700709364e-01
-1.475816153434847955e-01
-8.147364191260071387e-01
8.804737577410095550e-01
8.206413991424752474e-01
3.656716753837436773e-01
-4.895577336809817659e-01
-7.964679091421866808e-02
-6.948189602183061364e-01
-6.129561874572264646e-01
8.666724025079501903e-01
-3.612716117265479809e-02
9.438471730351523092e-01
4.972305144081934358e-02
8.044352805466112866e-01
9.310568865119217552e-01
1.838512253009858544e-01
3.540573648708833510e-02
4.377557947278623018e-01
-3.978672716512448027e-01
-4.887956421387906758e-01
-3.253848816110007647e-01
-6.680328467453104935e-01
-1.554256923320385120e-01
9.326244527738407619e-01
-3.445496196544757250e-01
-4.141422388735866988e-01
-9.663059321774334354e-01
9.073048998707016199e-01
-9.262397944320233112e-01
-5.332313691937720090e-01
-7.207984561001501422e-01
8.453662473148395584e-01
5.324584625937687221e-01
-9.347075341859660824e-01
-7.342645914543661778e-01
6.413603262603135846e-01
-4.773053593080878176e-01
1.463730225821728848e-01
-2.875024436798363503e-01
7.927622002963785608e-01
-2.645429594395198869e-02
-7.712115380872359705e-01
-8.920233324913136030e-01
-5.116167434506659895e-01
2.122939957913270170e-01
6.976482554293526039e-01
-2.584173860328484729e-01
-6.080047159951258440e-01
-1.151256625935481726e-01
-5.377711995394225397e-01
1.192905979148681794e-01
5.786379643051497990e-01
7.865512687414910609e-01
-2.144598458474493707e-01
-9.880506957384520561e-01
-8.148049240200287979e-01
-6.399174022422684516e-01
-8.595946040712589831e-01
-3.737199616791511136e-01
-1.284230899349525501e-01
8.632482268035930328e-01
-8.256258761016952441e-01
-3.020034529332908946e-01
-6.986864311432434693e-01
2.760945416179858558e-01
-8.412293770433574291e-01
-8.100867954107227042e-02
-8.256974870529307786e-01
6.718163475596490297e-01
-8.892211254660076225e-01
9.339531747085354496e-01
-2.358456473747416737e-02
7.811167911808942765e-01
6.619427705538760698e-02
6.423180699071804334e-01
-3.178659455385963728e-01
-5.196951016958830660e-01
2.597812943691029108e-01
4.981360573157895821e-01
-9.534373157651074848e-01
-5.336905537625373785e-01
-7.344240399176493739e-02
-5.788658781188704694e-02
-2.333117672112587915e-01
5.697528318024343008e-01
-4.956058063738271180e-01
1.880412427537583309e-01
8.724948369106599877e-02
-6.258831219163991655e-01
3.748206971692018552e-01
1.851769475980740154e-01
-5.685790496437499453e-01
-4.045150049015886484e-01
-5.044291652829429040e-01
9.097443234075659468e-01
-7.336331270142657512e-01
5.375892744540577972e-01
1.340101372633308863e-01
-7.187887104593504439e-01
-5.416544821618194394e-01
-7.469874062011614413e-01
9.296751929895668010e-01
4.901241607734243555e-01
8.219718129153799069e-01
2.721239386936695759e-01
1.432657087611599600e-02
1.072671938554048410e-01
-8.678445302554882446e-02
-5.379294214692473819e-01
-2.074481479097589620e-02
-4.233970061499836568e-01
3.024515232912554641e-01
8.970309212013909406e-01
-2.541681366890211624e-01
6.499334753014924804e-01
-8.555270259417953049e-01
-3.208783872994891428e-01
6.637954261504914744e-01
-4.696103812272811595e-02
7.987439539300982272e-01
-2.799652071236351514e-01
2.474688336687291823e-02
6.820354468481415466e-01
-3.465619061550195834e-01
6.769510887566676516e-01
9.181937105303927815e-02
-4.938882003897571149e-01
8.701169356288791512e-01
-3.833189070556688449e-01
3.156923885017495213e-01
-3.128571829874275956e-01
-4.191115561034119974e-01
1.265406112361540103e-01
-9.610836099852473335e-01
-1.451234187317784752e-02
2.956040786900393513e-01
-5.505689660601118529e-01
-3.979747919381582122e-01
2.491507992124051274e-01
3.063802028270536937e-01
-8.399458368472823011e-02
8.614958868604591924e-01
-9.528543161775360204e-02
1.498235281807680508e-02
-5.079433939273330090e-01
2.370264336814615902e-01
2.743319683813587595e-01
-5.769133921072082671e-01
2.191070571023643332e-01
-6.101647367518674425e-01
9.017837224317843958e-01
-3.303263477165314654e-01
6.222436141374410035e-02
-9.306317774498462647e-02
-2.959995650999889261e-01
3.280548608873796734e-01
-6.867300221776202473e-01
-3.528036942718151270e-01
4.331637581558367422e-02
9.051939923285039491e-01
8.156863756238132979e-01
-1.834872308977910649e-01
-3.194070809212961048e-01
-6.651739717848199618e-01
4.819465616771978489e-01
1.211632758676661759e-02
-5.606854805612642156e-01
-6.558813947331243455e-02
-5.561879694886684433e-01
8.146320312899308913e-01
2.758901810286709111e-01
9.534481102839178490e-01
-7.968497257088793528e-01
4.094144285827316931e-01
-6.771390369249654650e-01
1.296256171631182674e-01
-3.385829135463103157e-01
-2.841223124067733252e-01
-4.703708980115406391e-01
9.319522847982024683e-01
-6.197813395858924324e-01
-1.753246923026774429e-01
6.292755799843834374e-01
8.362797012941065589e-01
8.951836577307779041e-01
-6.882620843425619750e-01
3.563922403415678009e-01
-5.521976252727727186e-01
-5.869257440200814635e-02
-8.524758414804267659e-01
-2.791793630964227724e-01
-1.690802690178443424e-01
-5.143782779473939915e-01
-5.456364880338395729e-01
-6.126962454961828453e-01
2.927366712244943159e-01
-4.311630564350865669e-01
-5.461961788918758831e-01
-6.621241893444820281e-01
-2.273709421883163273e-02
-9.629133568798096121e-01
-6.399714873012438687e-01
9.861995468314350699e-01
2.941008471291373105e-01
3.923083642877820409e-01
9.906419489330284822e-01
-8.023561628411932656e-01
7.272623515799552241e-01
5.945742834241325436e-01
3.714484317656416845e-01
-8.191408951585610332e-01
9.756923693371419848e-01
2.607956307951229125e-01
-1.595522534702167317e-01
8.440748243767661751e-01
9.087774644804649249e-01
-7.920143518934608107e-01
6.962435862298503864e-01
5.971488911906492891e-01
5.105818532517858443e-02
-7.495938133683872628e-01
-6.808171311432429373e-01
8.145597805792053059e-01
6.543045725177654148e-02
3.326806712203573824e-01
-6.270926587020462240e-01
-8.401705776991448271e-01
4.766767096307715779e-01
4.618582633441044027e-01
-3.434011984674461004e-01
4.069640228108228897e-01
6.330682774562832460e-01
-2.054264532064862259e-01
9.469877889588871334e-01
5.922541247597834513e-03
-2.653136914251301715e-01
-6.747639922727333150e-02
-4.957840992906357158e-01
-3.749511405375927087e-01
3.168817799177008343e-01
