1.481361577122476625e+00
4.043508382575207172e-01
-7.302220996539314779e-01
8.623208643686202102e-01
8.170194407227635569e-01
-2.371430496325359627e-01
-4.753085859285970383e-01
-4.965647942253768043e-01
3.660868870785147777e-01
-2.483781332074481707e-01
3.889125508522361940e-02
5.551175277236375383e-01
-5.462157574878314659e-01
8.613501043934710388e-01
-9.821290869843601889e-02
1.275596967177401453e-01
-1.620247286045490842e-01
5.861218049236871508e-02
9.171588800744316927e-01
8.878198782665869260e-01
-8.659832349059328749e-01
-9.890415506415044522e-01
6.473683558527365545e-01
6.021388199962411925e-01
2.450345406523288805e-01
3.560210436852366822e-01
4.610100285220168903e-01
1.774912825478707212e-01
3.459483098072313467e-03
-1.728545287740634873e-01
2.698667991520979914e-01
6.616962669052048884e-01
-2.280788390117589604e-01
8.709024321046530126e-01
-8.634559496998717165e-02
-7.400449422831305579e-01
-4.429667075132033283e-01
1.711116677095581018e-01
1.948627758514525077e-01
-2.267683053655196179e-01
5.418178645546583017e-01
6.065108434009254257e-01
8.107081769410817707e-01
9.656890705306857559e-01
-4.684417546446040248e-01
8.691248141077472233e-01
-5.300081628881578855e-01
5.971164097422585471e-01
-9.185125035523089565e-02
2.616946142206570958e-01
-3.360263467253910008e-01
-1.617002270688063792e-01
-9.354561461310884063e-02
-9.892702687889072255e-01
-9.019896519218262299e-01
-4.162844438889627963e-01
6.005888008763289321e-01
-8.303925560507412484e-01
1.202137078864502495e-01
1.061065778922707370e-01
1.380004922032171955e-01
-6.022835805532522624e-01
-4.888286625209292691e-01
5.822972693024712765e-01
-6.733698199956572594e-02
7.622838145253318931e-01
-7.944172202214438983e-04
-3.251215436442098650e-01
-3.152260677541443012e-01
5.275963076168681543e-01
9.481276035922685530e-01
7.896136430832079167e-01
-3.268688318327588327e-01
-9.783287828554310117e-02
9.092927398286254626e-01
-4.735307314248715649e-01
9.218380138558788239e-01
4.959463330378406365e-01
-1.482253734040250848e-01
-2.145199446547354505e-01
1.119592057831038101e-01
8.329115490458056659e-01
9.117057278197031600e-01
7.182467946422419480e-01
4.555074602091289115e-01
-1.257097785852601124e-01
-3.200779160945850244e-01
9.413571001512410774e-02
9.348922308040654716e-01
4.163743096250158704e-01
-2.590227041646873118e-01
4.086016617638843496e-01
-3.898929123529188967e-01
1.617722013460902719e-01
5.977122908584515670e-01
1.966203213730743915e-01
5.561993437462398049e-02
-1.178016690097785091e-01
-3.116743922824871671e-01
1.021562818993551058e-01
-2.461050951749450544e-01
6.267602961423344166e-01
-6.556521468647105166e-01
-6.449598364729935973e-02
5.980872420957927815e-01
-8.569283361750827943e-01
5.378083646468507784e-01
-1.228680564833395383e-01
4.627508252621608253e-01
-6.589777126221774139e-02
-7.144827586510964501e-01
9.424199574151459480e-01
4.730901604477617539e-01
-2.132739722686149975e-01
-7.306687554730868506e-01
-8.139985827848670308e-01
3.639251986796492311e-01
-7.298789979256099514e-01
-9.647076745575013934e-01
-2.715438798722200620e-01
-9.284089691032924030e-01
1.957976133035104205e-01
-3.532664499654609713e-01
-1.548830924321031866e-01
1.986583463286377693e-01
5.076843274822102625e-01
-4.671374516540187649e-01
1.613042249193001876e-01
2.213970132773326327e-01
6.067998488088646170e-01
-2.694133153820321702e-02
1.097787611614575720e-01
6.989992972188203701e-01
-7.895782744648764950e-01
-7.771951943392088058e-01
-4.366858387250822648e-01
-5.262469911956639823e-01
-6.237048447540554097e-01
-7.984485391677857979e-01
8.057735536695187495e-01
-3.555314694445574908e-01
1.023533741507676176e-01
9.392077291196687661e-02
-9.723818792751643958e-01
-4.285608685916284522e-01
2.913357727168373046e-01
-7.659361059174196740e-02
5.110268810208096202e-01
5.181974078818785134e-01
4.098724147521985994e-01
-3.801354832076087042e-02
2.442879267109259178e-01
-9.709268924009402113e-01
5.911937138929832525e-01
7.013235708726155426e-01
-5.257565659521401535e-02
7.783026083096589165e-01
4.918653769609160342e-02
8.471014107792518288e-01
3.513581983090641181e-01
-8.753405909481866143e-01
-6.849236429684792959e-01
-8.618872164744433295e-01
8.327294473801256647e-01
8.840705169689577758e-01
1.310490343414267844e-01
9.075618394098587949e-01
-7.734116318351613728e-01
-3.313653025376188666e-01
1.054719968452633161e-02
2.412721653780272035e-01
7.204319059609034515e-01
7.764983747676599268e-01
5.690386902857509366e-01
-1.500989287632714664e-01
5.188422160258658877e-01
-5.597598401790526701e-01
9.797428657577225142e-01
9.113273937870247643e-02
-1.490730792038730268e-01
-3.083133414136485229e-01
4.242819870779170888e-01
-5.015187850005684567e-01
-5.686512263480849594e-01
-6.935882827760808667e-01
7.953133041791324853e-01
-1.873658790076637715e-02
4.558479257562091380e-01
2.725830440477701178e-01
-6.638691889015371217e-01
-7.700624253352397197e-01
-8.128163942328425762e-01
1.660580076005919725e-01
-1.307164598264518585e-01
8.425434806853906444e-01
7.022808074147783852e-01
-3.816249569870338032e-01
-9.820578021705570482e-01
9.469494244189522458e-01
1.190759147728268630e-01
4.261824883856411006e-01
7.057251834959354930e-01
1.061074916883948394e-01
1.991259365856157260e-01
7.787009843619461247e-01
-3.638937316689139223e-02
2.859120078061720971e-01
2.160926326374250639e-01
4.275050829019675369e-01
-7.085909029180794683e-01
-6.118819453165480482e-01
4.808093942024165290e-01
4.786758720616637319e-01
-5.132618024517392463e-01
4.287628561825027607e-01
8.019561577918425943e-01
5.151611520919729958e-01
4.373480777417402265e-01
-5.114676325464988516e-01
-5.171711092472393023e-01
4.504751956568915361e-01
-9.420550340822775315e-01
-5.288007133747807398e-01
2.669893017131637070e-01
4.221565413858630045e-01
-9.813936841441051051e-02
-3.978638927516247037e-01
-6.484565834370707993e-01
-4.528218035403770436e-01
1.924659014184018080e-01
-6.412235470158562656e-01
-2.006778541075695532e-01
9.763842907554285411e-01
-1.019346865214816322e-01
5.626992970641451208e-01
6.607293186283835773e-02
1.904364687596058481e-01
9.837916059895175369e-01
-9.934106640817752520e-02
-8.517159378847809492e-01
-3.102699486093756231e-01
8.966257466628291262e-02
6.651710986797332303e-01
7.148294787653368676e-01
9.650137906783196051e-01
2.156895679408923350e-01
7.408049398884679615e-01
-5.563509104523276516e-01
2.180498549787006635e-01
8.721388453254874662e-03
1.856353620820958561e-01
7.754354548155391047e-01
2.983197507906720780e-01
4.038607486359466758e-01
-8.346487445443731001e-01
4.634741479676551812e-01
-7.020680562481460552e-01
7.543177779105647573e-02
6.277668799062137150e-01
8.760487994551557911e-01
-3.320565988360892895e-01
-5.602832787258802405e-01
4.815042739379680192e-01
2.125343058927318118e-01
4.030427233319981983e-01
