2.133677263052083717e+00
-1.883548926264457801e-01
7.404417323414425045e-01
-6.466737625308753845e-01
5.723044414512714617e-01
8.103029787562492370e-01
9.187156830665423879e-01
1.195727802018531349e-01
-7.172283636524485750e-01
-9.609271803800820688e-01
-8.126691903658522786e-01
-2.178067654961068911e-02
-2.734918474139556022e-01
9.616310083085248817e-01
-2.084221468883737938e-01
-9.057175323972372905e-01
-8.060602434334136479e-01
-8.191690340543935633e-01
6.489775803428285972e-01
-1.657227231423263891e-01
-7.925228713494152366e-01
-4.840930249097148419e-01
-9.639781127256965565e-01
2.018605397742057050e-02
-4.133295963383234461e-01
3.834706067668676166e-01
-9.797314856854093534e-01
9.707504825685078220e-01
3.146385355130463246e-01
7.141874241346894969e-01
1.133173305593395686e-01
5.986052666054659799e-01
7.369084551136237948e-01
-9.591724201598887944e-01
5.253658459383940826e-01
-9.173034845299405937e-01
9.385350347720811115e-02
8.542023640943006146e-01
-8.890269188403876477e-01
5.181385833619951420e-01
9.674294178303903813e-01
-3.969093305681445916e-01
7.741628704686727147e-01
9.040714863764358622e-01
-2.469343855606631610e-01
-1.480610255719005952e-01
-6.080287654422631416e-01
-6.161914016500744662e-01
3.774175473752616750e-01
-5.866907260422060677e-01
6.037347281197702475e-01
6.337346848826703738e-01
-6.756894645859801152e-01
2.294104459173309518e-01
-9.214387639430823285e-01
-9.196440099715539329e-01
3.981605875564115937e-01
-5.142753649959361795e-01
9.248414536438565037e-01
1.349827293375647219e-01
8.036599300217561748e-01
1.821638031475882880e-01
-9.594308290475641599e-01
-3.209782884747585108e-01
-7.219495295443640881e-01
5.312401261074757297e-01
8.902670499020999273e-01
-9.418431985557085273e-01
-2.086692769460978258e-01
7.731920482880383361e-01
-7.026528352599683558e-01
6.371264020505815751e-01
-3.414277202236837283e-01
-4.995631783022893568e-01
7.175715224227658950e-01
8.418485518685545621e-01
-6.809618489807367503e-02
-8.636696971730752903e-01
-7.099001887563618496e-01
6.073309849265906557e-01
9.928531013222718915e-01
2.486522944442981498e-02
-1.008323764532093048e-01
-5.176627461444482936e-01
-6.424553633297571675e-01
7.474348853868546527e-01
7.428843646171778836e-02
1.791304022557620446e-01
-1.778231783149646361e-01
-4.354041441826270731e-01
6.504638913704947623e-01
-3.503678313092426500e-01
1.724979890133293559e-01
9.188263592053051987e-01
-2.985758672471976460e-01
-3.797838082672051474e-01
6.572850887539398723e-01
-3.183875364361146154e-01
-7.102906080502662256e-01
6.862677445439859802e-01
6.034478165863443877e-01
-8.725576879498768701e-01
-8.363495857002736233e-01
-2.141722771783260981e-03
-9.855494496364860524e-01
-6.719126486786211050e-01
-9.937914426792964218e-01
-6.328182930266650352e-01
-8.143815134449150506e-01
-5.286766044878570270e-01
-7.458320749123663607e-01
-4.167993840383732440e-01
-1.792024686063031780e-02
2.058030808798667621e-01
8.455040029056066775e-01
-4.667201248833079408e-01
-5.381010692558170216e-01
3.203524774315706924e-01
1.279410544333852151e-01
5.618392164485150886e-01
-7.272116874665763842e-01
5.401020695316933740e-01
2.108880609828975849e-01
-2.022741532717138302e-01
2.636674852174012429e-01
6.092092656207805934e-01
-4.813634054455702138e-01
-5.125907346830929079e-01
2.805843261009832723e-01
-5.242762051409384227e-01
-2.707601206082215217e-01
-9.410698382256186267e-01
8.098251191703333962e-01
7.095635485976152790e-01
3.035951849994291685e-01
-9.536330502113539165e-01
-7.461053138576669852e-01
1.943605648659085805e-01
3.289937949788666049e-01
7.113932624605152633e-01
-7.458727926887323001e-01
-9.000213404766450598e-01
-6.186866416160647919e-01
6.901360915806340479e-01
-8.936704489564517573e-03
2.135809505863204283e-01
4.305519094587206830e-01
4.425580354312479425e-01
8.518082231813988159e-01
3.177586765431961169e-01
5.577905404270804279e-01
-7.235023597920431371e-02
-3.762774385337621652e-01
9.573231638395367504e-01
8.714170949519575160e-01
-1.403783268934577499e-01
8.681177792455592179e-01
-4.609310232568837318e-01
-6.419944782022499741e-01
-3.020160916592866673e-01
1.360842891216762496e-01
-6.907124078611026619e-02
-2.907940487477587155e-01
-9.331443132995964618e-01
-9.645145777013806043e-01
-3.272009153016159910e-01
-6.836243827070696000e-01
-2.167787775469272038e-01
3.009421733323769388e-01
7.501107143405436606e-01
9.884055932244319997e-01
8.750462435533399308e-01
7.171814383901709000e-01
1.510509856626194303e-01
8.143841799616846622e-01
-7.079140009942570533e-01
4.712126706502435258e-01
3.265615131178127850e-01
-7.729859379226551308e-01
-2.679705633626923156e-01
1.301021582261305820e-01
2.785509670824792838e-01
-4.657759069914617633e-01
8.461858777787132357e-01
5.613733215204432803e-01
-2.731400627058484520e-01
-3.264993060252905366e-01
-9.117183446698213789e-01
-6.969485944337894257e-01
-5.124747364485335854e-01
2.962654024846393952e-01
-3.659987447022672313e-02
6.083698944260156338e-01
-3.217257578467551671e-01
-8.679583727377824243e-01
8.961719192993335970e-01
1.045740822191172370e-01
6.556893354513531058e-01
6.905920617048724175e-01
3.860211586543216278e-01
-6.465634424942563463e-01
-4.836691369384822359e-01
6.874257040191460444e-01
1.762093553431569593e-01
6.745447145910259401e-01
9.610453260554421284e-01
-7.800759492835351860e-01
-5.175445194558654372e-01
2.601170953565601351e-03
-6.124775380869760255e-01
-7.941208915584208050e-01
-8.355965023311120454e-01
7.247626013408137169e-02
7.848943847156324427e-01
-4.897912811112030695e-01
-1.946245250615732392e-01
6.215248182773625008e-01
3.820714875186150827e-01
-1.905771380078236099e-02
-1.027776793007459943e-01
-7.101494959853795752e-01
-9.045707944519667532e-01
-7.512183322529213392e-01
-5.898840361979562630e-01
-8.499793170268024056e-01
8.546733495148313153e-01
-9.335501440830979991e-01
-8.422234948419249356e-01
8.498200578466552635e-02
3.478008958127052352e-01
6.507414129241324563e-01
-4.717405118357715921e-01
6.600657753851060239e-01
4.043590385953037547e-01
4.211646686445320587e-01
-5.830449858616957304e-01
2.545334252237556605e-01
3.799082465715488688e-01
4.057506509105373027e-01
6.728253923286713345e-01
-2.067611373994782120e-02
-8.903361130097489085e-01
8.388499913511315853e-03
3.875674521833540886e-01
4.213626854523606635e-01
2.970579279875489309e-01
-3.619928618768424311e-01
8.676803957344276785e-01
-6.625783925677677377e-01
4.056972524990585249e-01
-9.800122329326570458e-01
-4.743045804186230008e-01
7.166294108217095005e-01
8.242450835891783623e-01
1.575916974517987956e-01
-8.768783481944042446e-01
-6.634739876767377087e-01
4.927198062333031370e-01
8.533917152895293956e-01
9.412128635197050119e-01
3.100127877118179498e-01
-3.933222432652960787e-01
-1.792457844556782920e-01
8.989218174926079108e-01
-7.279399824261185703e-01
