9.678388745236132795e-01
-6.455929009881848923e-01
-3.483236148029418278e-01
9.286114428956406819e-01
-2.876171730678704908e-01
-4.990270159746534873e-02
7.331203474730092484e-01
9.959694716425970817e-01
-3.901906269559749507e-01
-3.803774899832783607e-01
-4.868733953403574510e-01
3.091678721304704780e-01
-5.166818810133899653e-01
-5.148716968179236630e-01
7.163225885351505173e-01
3.358060817315755564e-01
4.310659049003318088e-02
2.253153708337083394e-01
7.563227950669644262e-01
-9.122379786638381560e-01
4.397335629622114439e-01
4.343669743208886658e-01
8.113124491026546536e-01
-2.683785247827461529e-01
-2.925426582844781187e-01
-2.074016414377271023e-01
-4.474570791478782450e-01
-1.639132596033665568e-01
9.786367966473863422e-01
-9.992493288892305703e-01
5.610606335745484952e-01
-2.945947199060940935e-01
7.686316030329862770e-01
7.608804034320426624e-01
9.488443987121251144e-01
8.294276661692556729e-01
-3.681920402309988294e-01
-1.197332115573759292e-01
-3.690661749404759995e-01
-4.703389975182850069e-01
-4.595255284387542716e-01
-4.306530723983006403e-01
9.457719936806607830e-01
4.779632272920739666e-01
-5.098427865285348748e-01
4.230923589339150581e-01
-8.197633689108017041e-01
1.759935943488089016e-02
-4.686963938364596682e-01
3.317766516313089831e-01
-2.198655211032018997e-03
7.625304941370771861e-01
-5.484611490504949227e-01
-4.034127928558115528e-01
3.150002491849586139e-01
4.993897524860724246e-02
-7.134802447789210245e-01
5.326098867317865526e-01
-2.684401363280497499e-02
-2.031739544489024052e-01
1.998439176937909512e-01
8.283431816317312624e-01
-8.962086635766903786e-01
-4.378974366917134375e-01
-3.129902173420673339e-01
9.932229825576335269e-01
-8.815966800267214243e-01
1.610161814084831722e-01
5.131649023951534438e-02
-9.950991061173475316e-02
9.203074292360342579e-01
3.821360155563731098e-01
-3.386792891825145535e-01
-1.331065232562602674e-01
-8.395133383179442799e-01
9.375474013764559800e-01
-4.901609966578555078e-01
4.944360188940670753e-01
9.994919900857570649e-01
7.153802487425815482e-01
-6.631433872769447735e-01
6.331430316678205994e-01
8.972532998358193623e-01
5.469750785468392440e-01
-3.432347021085713212e-01
-1.664986049856229666e-01
-5.966656363274973618e-01
9.228761980605670878e-02
-5.196983079536654504e-01
6.554688506820849359e-01
-2.202090824552354054e-01
-7.768237835145574977e-01
2.995606440600440123e-02
5.620049576780115075e-01
-1.363036029789066461e-01
-5.413897549767821005e-01
-5.056236463876284670e-01
-6.048677192698157512e-01
-2.828820830155240884e-01
3.807547003154139187e-01
-5.388395233041354260e-04
1.803279268251449796e-01
5.758261981671981555e-01
5.514995529067054925e-01
1.256299792849309149e-01
7.634851996991067757e-01
-9.354610365363935642e-01
-4.321029425357323372e-01
-2.557396030416172472e-01
-7.840928726742029120e-01
-2.463060511979406897e-01
-4.833052297932449726e-02
-3.220087237122402080e-01
-7.932700866199253742e-01
3.416210861950559341e-01
-5.392185256097561386e-01
9.117313742020598522e-01
-4.469679281052330033e-01
-7.404233157190061032e-01
4.871844038976447244e-02
-7.153179346399014538e-01
-4.950180665466930030e-02
2.078763646262924425e-01
-4.377160742848134056e-01
1.777446849358432779e-01
-9.545207934780353121e-01
-8.810415751153160002e-01
8.204627942094950832e-01
-6.584327570470771551e-01
-5.835050824763989841e-01
-9.300536466168609628e-01
2.398918215080152461e-01
1.044269023636947846e-01
5.752456157615963850e-01
-3.172988504490921180e-01
-9.630352023483290669e-01
4.760752104238603621e-01
8.088099429489272740e-01
-2.798132914499682489e-01
9.630239310729100666e-01
-3.048811636501735922e-01
4.153057836480384957e-01
7.152311099248378490e-01
-4.344960124354748654e-01
2.691818436242328083e-01
4.197742524530454489e-01
-2.386036179571353610e-01
-1.825608502480173811e-01
-3.049229497105843123e-03
1.623201658930339963e-01
-2.089034599332522113e-01
4.321992176289715104e-01
-4.428898437971142688e-01
1.598842663406723208e-01
-5.852995218634446939e-01
-2.478155365850056580e-01
2.318930737915054774e-01
-8.836298502836206215e-01
-1.768235980500922899e-01
2.182523598656984642e-01
-2.486738209707919367e-01
-6.407157507325609291e-01
-2.014351610267886006e-01
7.054142576514716989e-01
-8.589391673062121146e-01
7.145513107695231625e-01
5.338689163326979514e-01
-1.932607242253061575e-01
7.146990601337517290e-01
-8.697993754905912756e-01
1.956060150671115050e-01
-8.266656167545332057e-01
7.196022705877669345e-01
-8.059090591472255483e-01
5.516244572143580438e-01
-3.117897351523775118e-01
1.346888513561250722e-01
-8.873552961045902965e-01
5.915147357076462331e-01
-9.536866815578646239e-01
-3.419953432631492873e-01
-3.697604452772975669e-01
-5.661518868664259241e-01
-6.829780629173130002e-01
4.764455433871446211e-01
-3.133268263602284609e-01
-1.194915961237219548e-02
5.051169282938610117e-01
-6.680901154772023176e-02
1.194693606298706801e-01
-9.404696520162434403e-01
3.065209335440550742e-01
8.657291434669625030e-01
-1.820478031244625594e-01
9.499786961709044686e-01
1.181358097765978776e-01
9.136358597616938138e-01
2.485901178752452090e-01
4.632465732671240399e-01
-7.395946310217129671e-01
-8.123224469473946385e-01
-9.647821746596478842e-01
-5.144946889093338083e-01
5.680656622685322787e-01
5.768014519202686596e-01
3.329293351201934037e-01
4.393245778847261196e-01
5.183282321811097937e-01
-8.772045128627827815e-01
8.516745899668465292e-02
-5.222990067454107432e-01
1.596538142949621708e-02
6.786642187554292605e-01
9.781349738743561062e-03
-2.173496585188969821e-01
-4.018298299314932986e-01
7.028081428078625237e-01
-3.249107327640166076e-01
3.060477783780872763e-01
-5.528187109007700606e-01
-4.405634935641069561e-01
-7.285874577805004915e-01
6.634455762094657594e-01
6.981757115339377595e-01
-7.923072445323557922e-01
-6.699969524473441407e-01
-5.401839024139103440e-01
-4.064898521666775455e-01
5.848512722039846956e-01
-9.350355025564864864e-01
-8.372607369089055673e-01
-4.841326783724073657e-01
-4.800433850190997109e-01
8.410379705760631097e-01
9.108936641825136071e-01
-3.525840523121945846e-01
1.555463881406393689e-02
-3.793652096170279098e-01
-2.901893428729334090e-01
9.123359183499255565e-01
3.586387793920249312e-01
-6.673321505276208487e-01
7.455294200714330799e-01
6.641570523153050853e-01
8.420694808463549119e-01
-5.661208268048834036e-01
-5.727011339393941469e-01
-5.511908082199465930e-01
6.726090074777679728e-01
-3.337221009490345391e-01
-3.596243759880202173e-01
-9.762302387676768944e-01
-5.045637220975505155e-01
4.879105461226045382e-01
-4.043579763965481355e-01
9.526610080622899268e-01
-3.811366180600752607e-01
5.379759050625438910e-01
-7.913634636224573526e-01
-5.529930696932940926e-01
1.053771817072439720e-01
-7.747106751702272920e-01
8.314232792666145233e-01
4.713717999441668915e-01
3.112018764381536684e-01
