1.290850499372641291e+00
9.989698884972375570e-01
-9.361003334989153046e-01
-3.988331810701284397e-01
6.654996412841911457e-01
-5.742019154956834459e-01
-6.284431933895222588e-01
-9.197012784896616555e-01
2.831789664212409630e-01
-2.865093139535590527e-01
-8.570959369726929289e-01
6.012070615140086005e-04
-3.042634540045277003e-01
6.209264220237664667e-01
-7.187309869578828447e-02
-5.736427955209857377e-01
8.659260167079327886e-01
3.140312439741563821e-01
8.174490575671633508e-01
8.265444576040168467e-01
-5.025932728436024455e-01
6.008281240086315034e-01
-5.493410982703250678e-01
-3.594941454432836192e-01
-1.279457621955095714e-01
3.321938496714804678e-01
-8.241784483910563619e-01
-6.669447209630050555e-01
-2.006665451458640170e-01
9.470577691334647330e-01
-7.850556558390620054e-02
-1.674692476820949238e-02
-3.892880900612394335e-01
-5.605962446278947020e-01
-7.703228939955863996e-01
-6.015397339644525943e-01
6.181118362214337303e-01
2.889254776428407112e-01
1.155039312121972639e-01
-6.254021707493089277e-01
6.174178796737903596e-01
7.579856374676943176e-01
-3.675915218780603233e-01
-9.097025898225927776e-01
6.340159048263704911e-02
-5.344472826892079365e-01
4.627003542007290804e-03
8.017793078676227481e-01
-4.246540707303547713e-01
-5.272399444879369845e-01
6.276900361214095003e-01
7.749331762043221161e-02
-8.133913298595616403e-01
-7.108215672671747143e-02
7.678479318984685609e-01
6.874404886209020127e-01
-7.609193575273878185e-01
-8.739237268136561543e-01
3.844709462447675197e-01
1.845132577416410680e-01
-9.102066590422517312e-01
1.933345916450193158e-01
-4.551871187317166889e-01
-5.324590121768999484e-01
8.282132942130324693e-01
-9.308987429441046846e-01
8.726165841976443183e-01
4.340798215245325054e-01
-4.271134417040656217e-01
9.080657495571131665e-01
9.124911224041334368e-01
1.401879036017994462e-01
-2.643669068512841669e-01
-8.407246938028887229e-01
-3.961741529908802129e-02
-5.888071197680773139e-01
-4.401746855779513634e-01
-8.337503175517178011e-01
7.171051090018787377e-02
-8.650123282182973217e-01
1.575437482152528545e-01
-3.156451183703996577e-01
6.410004777174460600e-03
5.572145171262710139e-01
3.676448443072999339e-02
-8.023165373420662050e-01
3.044160626937986169e-01
7.967346199289315756e-02
9.625561832912017390e-01
-2.935800406993849254e-01
-4.018656213913414099e-01
-9.951815067183438224e-01
-8.812907645123946310e-01
3.520278676705723697e-01
-6.926592278134273695e-01
1.153427861936986432e-01
2.262928941365649482e-01
9.422922029096005847e-01
5.652929241443647168e-01
-5.161845445708672653e-01
7.007754215577919332e-01
-3.906238764105731676e-01
5.652651472045107095e-01
4.512396386116401814e-01
5.831697385976279957e-01
7.024675164543887629e-01
-9.198203326757670162e-02
-9.611409236517196586e-01
-1.766233714718810077e-01
7.051232813724290782e-01
-9.182520755714551619e-01
-6.230636452810784931e-01
3.773638194068180685e-01
-6.918009808499645530e-01
9.216596212079726236e-01
-9.890704636397560368e-01
-1.640609930873238032e-01
7.229742612124170353e-01
1.400771139392011921e-01
-9.976919245216597787e-02
-8.858044097626991409e-01
-5.449897205954508106e-01
-2.001531617666045815e-01
-4.967129604753115490e-01
-2.673578317987446162e-02
-3.270586877299281880e-01
7.819639883960507465e-01
-4.018529526741272395e-01
9.526129138857508671e-02
-9.135399062555369376e-01
1.804738566864227955e-02
-8.499038095391886483e-01
-8.156712772889298524e-01
-3.234081284905483411e-01
-3.162206151773532259e-01
9.772688269286322615e-02
9.844876704893750219e-01
4.040602424842507645e-01
3.505556844896506874e-03
-7.149186911384006748e-01
-5.259180362567770217e-01
-3.686474895884901404e-01
5.430992940710277495e-01
-1.886496115866496126e-01
-5.425103356069675975e-01
1.624189836475744553e-01
-7.112070871853310994e-01
7.411382228285923190e-02
-9.160889173798052454e-01
-5.449876406005267349e-01
-5.273563778560543813e-01
-4.321312325383885877e-01
7.273593185436084685e-01
3.806840737337200409e-01
2.943485701263766074e-01
3.844729212834627763e-01
-2.177189862671236043e-01
-6.279978794067999637e-01
-8.223362165008012425e-01
9.251043062926209704e-01
-4.928873118308245704e-01
-1.264074165847948183e-01
9.753255496753170384e-01
3.350623420657963258e-01
-8.381283052843495618e-01
7.416766990515064606e-01
6.550854433817032696e-01
-5.596828169004854914e-01
5.699888200957374806e-01
-1.825050065784217246e-02
6.436861188533546940e-01
4.864284754835823676e-01
4.895931139869782456e-01
-4.417440600045485777e-01
8.702385988622742818e-01
4.273652659805067255e-01
-1.594789376948213544e-02
-7.366776539885095954e-01
9.032529888535310025e-01
-4.491670641177507584e-01
-5.047871191462771634e-03
4.399820286819187132e-01
7.222060535204479770e-01
-5.286997065709486687e-01
3.149557171551451429e-01
4.267051743068936975e-01
5.725665555998293854e-03
2.091864465963753084e-01
-9.766526466464060530e-01
5.909326685159868031e-01
5.154133016139967882e-01
-8.620716237052958864e-01
7.841119657851902680e-01
-9.062696107475392004e-01
-9.588696409793882047e-01
-3.755598657737446722e-02
-4.166227895223795219e-01
6.058841758115731668e-01
-4.142226931599157780e-02
-9.490097547998193050e-01
9.457950173555795814e-01
-6.840796897536556287e-01
4.491977863222202938e-01
-2.106986076808112784e-01
1.561416779970046242e-01
8.788321861529395651e-01
-5.279741094880017194e-01
7.104782106291704924e-01
-7.874252957441376655e-01
2.098039323856770721e-03
-7.427886118894033718e-01
-6.086713854136367452e-01
9.538260199316637156e-01
2.155025887992501055e-01
6.312227390467657351e-01
-6.823459382720924449e-01
-2.869339299152009470e-01
-1.121021683160798865e-01
3.096300152131246097e-01
-3.280652964353301115e-01
-3.969098354302709186e-01
-1.923689796906267180e-01
-2.974886509989240757e-01
3.728284377171184882e-01
-1.628456812180016922e-01
5.487457057904636670e-01
5.205559736535940729e-01
6.818364393843618920e-01
-2.573863043759061497e-02
5.445528933941550243e-01
-2.826563155993373488e-01
-3.069791295518822238e-01
2.874865618649995458e-01
1.267635137803049261e-01
-1.513575137446552255e-01
-6.904067544920566846e-03
-3.511638318247876089e-01
6.259310101653676739e-01
5.281667752583609765e-01
-9.998765800688553806e-01
-8.572818608291394860e-01
9.529368688916362018e-02
-7.862712542543563998e-01
-9.355704618541365036e-01
-1.122236174410553566e-01
-1.242274929415017048e-01
-3.308524204211016340e-01
-4.294691684562259582e-01
6.306654157988031972e-01
9.512321299756687498e-01
-8.056678480292807087e-01
9.902629229187283055e-01
6.754011975168461301e-01
-2.177939208385626380e-02
2.627695272269816584e-01
4.499788035026950350e-01
-5.755293521647897315e-01
-8.691732235949840568e-01
5.871777541967435621e-01
-8.064465870402652836e-01
2.038958489819400199e-01
-5.901700159731735340e-01
6.205822873566528841e-01
-3.924667077606480703e-01
-2.896622021522299306e-02
