1.801322099756026418e+00
3.935372656010529546e-01
-2.847897584641880808e-01
-8.226473122056672249e-01
7.908111852616794835e-01
5.387299721518712392e-01
5.838061426959550992e-01
4.057724068600325751e-01
-3.809575882062592456e-01
-7.264137313299314780e-01
7.768657323506933388e-01
8.445293108380764746e-01
6.932975238330136847e-01
7.475541071658120540e-01
-3.169617073100625682e-01
2.099779514619726228e-01
6.754713315725793255e-01
-1.613169062538315490e-01
2.459174873068796785e-01
-5.136257122073009107e-01
-4.558198500970775946e-01
2.284172109196960232e-01
-1.019091638287750179e-02
-7.717126655295500903e-01
-9.045172075768566078e-01
-7.021821325784571854e-02
4.035414227187859026e-01
-4.374056475349656914e-01
-2.862235848711796038e-01
-7.088340139151847463e-01
-1.761190954687401611e-01
7.136695381674309502e-01
5.885967043588697933e-01
-1.820974385338836044e-01
-1.021374289068073260e-01
-7.104586869807285598e-01
-2.324094342696381155e-01
-8.164425592377013707e-01
1.588073839677741628e-01
7.224373667768531071e-01
1.850185966050865716e-01
-2.720530026560663561e-01
8.053380331250448165e-01
-8.220654091340318104e-02
-2.794361204898621054e-04
-7.639215691658722829e-01
-9.699913874180450257e-01
6.755416068235404747e-01
6.196081059732898577e-01
6.624178512473577474e-01
-3.217844921408061776e-01
-2.547577980429529543e-01
6.450581219789564003e-02
2.498578521279228859e-01
-6.458284555214182099e-01
-4.767831421290431582e-01
-5.575435957546710508e-01
9.297532729938289275e-01
-3.189661381093824577e-01
-9.937310482012147173e-01
-7.980293374055051903e-01
-2.021766680091623414e-01
4.173408395402982141e-01
-1.000456556893911664e-01
8.777477190155977826e-01
7.301421612005691841e-01
-9.564501698617888792e-01
-7.284573238905425185e-01
-2.404997102197841130e-01
-2.188413788830005924e-01
4.052402502640972681e-01
2.068208478767845637e-01
5.220445837896787733e-01
9.227886593356480205e-01
-1.308829855152173760e-01
-2.119628437982592484e-01
-7.814005071366978417e-01
-1.129529680455987339e-02
-9.993934794914371977e-01
4.741504702641956559e-01
7.376108220409021143e-01
2.050020895053086267e-01
-4.552844384401013578e-01
-3.869410404831896688e-01
7.785366138639371325e-01
3.341393935535406090e-01
1.574896807817209865e-01
-1.666404062694160082e-01
-5.143046270432156675e-01
-2.561880296507568211e-02
-6.726967951035041082e-01
9.810583528711469548e-02
1.387638364157754989e-01
-1.509076045286428247e-02
-1.338230430425095818e-01
-6.956911428669827480e-01
-9.703576655204924073e-01
-1.962435735018495109e-01
8.416147769509372267e-01
3.418153011236209071e-01
8.090360172785580062e-01
-3.755832582119138507e-01
8.674018430025014492e-01
6.772666707006786968e-01
1.931628596749339621e-01
-5.247173901767163695e-01
-6.676105829144511894e-01
1.087981102192330241e-01
5.333287285070631434e-01
5.306778085188184058e-01
9.066981311678146138e-01
-5.462591631306605855e-01
-4.416253445087536811e-02
-2.905639666144836930e-01
2.788634583248073007e-02
-6.343869468753520202e-01
-6.077749405401293714e-01
5.975296982367113152e-01
-2.918123238497514205e-01
-4.474755266196157599e-01
-2.545052111207102286e-01
-1.835368475705805302e-01
7.419660597631172472e-01
6.421681354499084726e-01
1.720575746395645034e-01
7.498358446752952933e-01
5.907800475780133898e-01
1.508688109037199521e-01
-1.192141155843768896e-01
-2.831615627278543101e-01
6.921225176266703194e-01
-8.089009512472888908e-02
-3.913386577293120894e-03
7.453810040995403341e-01
4.754599667283283537e-01
5.386642581863123613e-01
-3.848663633911921789e-01
8.504868680083954580e-01
5.528356253883481841e-02
-5.144604264769458979e-02
9.375751092213211457e-01
-9.806378058220490690e-01
-2.447303389180601751e-01
5.649137125731484854e-01
-8.087898688371339961e-01
-8.038512185475565897e-01
-3.147141208192125728e-01
-9.929272973424110305e-01
-1.054914355222713596e-01
7.213549434680397443e-01
-6.203216041807366743e-01
-6.088565840587831790e-01
3.479588563046187577e-01
-6.205959574870032469e-01
6.030214409438250378e-01
3.631133719699843887e-01
-7.544258953624685127e-01
6.989357268460745232e-01
-4.466750180799563541e-01
-3.142563497272039541e-01
-9.389429013831269710e-01
-6.491399968469304671e-01
4.011538152381377564e-01
7.350368394927260240e-01
-2.971568548177740965e-01
-3.676332368007320106e-01
6.648658505119708906e-02
-5.687956694437914518e-01
-4.858757737337575655e-01
3.544204561827932753e-01
-6.820933943283093992e-01
9.423945711546530823e-01
-6.195582425332013532e-01
-5.201516492783060386e-01
-4.546135031817033489e-01
-8.954080804469166655e-01
6.336277205609261998e-01
-6.067000218384148713e-01
6.159570828347211702e-01
-4.596430795264527802e-01
-4.320770006523821927e-02
-1.565366275993211875e-01
6.588706060544571308e-01
2.235158185018579768e-01
-7.793315112066045991e-02
-2.384642046362910328e-01
2.632804126160730451e-01
4.893944036418371724e-01
-8.121391249917429001e-01
1.570926448888858573e-01
6.466730467118864123e-01
-8.629717169637163288e-01
2.176079519915190552e-01
-1.189247615993000995e-01
9.317020702261527010e-01
8.131042032459030455e-01
8.053416809642515162e-01
1.632501517234108412e-01
5.605613259309050189e-01
5.220374953622155534e-01
-9.835772366406414502e-01
7.352108313807541595e-01
3.541751618711883598e-01
6.796701224348011827e-01
-6.327959303445946926e-01
9.214870768188498928e-03
1.590253838444104506e-01
4.025996987970055230e-01
8.944402625968377318e-01
7.912182671493763753e-01
-5.229464055984991422e-01
6.230804822235691542e-01
4.585382358707537076e-01
3.016076053843659288e-01
2.945679237127072359e-01
-5.185113673122898614e-01
-5.432791123459961291e-01
9.950644318296668622e-01
6.460297619695594129e-01
-3.807131536612826661e-01
-9.074350839290277193e-01
-5.292098719676150420e-01
6.576719035933062951e-01
8.112265481188152272e-01
-6.284594074877365433e-01
-9.681891495131014214e-01
-7.502204320535850179e-01
7.069381412450856939e-01
8.397716690066987510e-01
-9.585868695056598554e-01
5.602329843566060674e-01
-7.726373774468269229e-01
-7.244018106225156295e-01
-4.685525944566284462e-01
-2.558153661754707375e-01
-8.897720794449777149e-01
-3.177074063729359299e-01
-1.141525519054493731e-01
7.396867555272770289e-01
-1.060381229254738766e-01
2.745899798090116750e-01
6.806119178425598104e-01
-4.249815383862227680e-01
-3.069737403837080603e-01
3.389436644621217631e-01
-1.009748056692358897e-01
-4.035926422062046104e-01
-1.084496990940468919e-01
-8.345723610341915233e-03
9.136748263405478632e-01
1.092822589226412067e-01
6.707481798253365213e-01
-9.895720650293704512e-01
1.722714087205883260e-01
4.113313871714689984e-01
4.356632766407402269e-01
-2.081622476908771002e-01
9.215636623251530768e-01
4.212397376713195030e-02
7.676057969574536788e-01
-1.054115351310362936e-01
-6.014525984442893325e-01
-2.596237740689468776e-01
-9.952255055550007778e-01
9.820235069548362006e-01
