1.298467056089186666e+00
-3.021260406745871485e-01
-7.623412475654898213e-01
4.649514344108200969e-01
9.659097747976153059e-02
-9.977127737857762746e-01
-4.737833483982043514e-01
9.223186021986025107e-01
-7.922301064996206676e-01
-4.003434523958855351e-01
-8.326387856903800788e-01
-3.710183472177950303e-01
-9.605578396999934210e-01
7.280779430154089571e-01
9.023128305979928321e-01
7.016766842885300282e-01
-5.839333136276889658e-01
3.546490216768787285e-01
6.949532403784755008e-01
-3.459180680456745982e-01
2.537612590626494580e-01
-5.612199022091584055e-01
2.587990644954569763e-01
-7.708819909181463537e-02
5.230135188058882001e-02
-1.862041119428345937e-01
9.968261862604403944e-01
4.445804579538421564e-01
-5.084831379836669552e-01
1.937635153280492517e-01
-5.185279377991647287e-02
-2.063188094841379439e-01
6.927612912607508111e-01
8.873546022144953582e-01
-5.012942182360571319e-01
3.741815003650050819e-01
5.304550163901862181e-01
-4.059375577749713138e-02
-6.347038598737060333e-01
-8.120121004831444278e-01
2.494181873737875144e-01
3.098668659828072158e-01
2.959031593862295750e-01
7.778891446443598756e-01
2.705273359507198716e-01
7.903203941002945321e-02
-5.077376580951502572e-01
9.268532975304053512e-01
-4.664877597931831321e-01
-1.224903075660410678e-01
2.795655593497077263e-01
-9.644873043480848285e-01
4.593339349683052131e-01
4.615353372101986817e-01
5.520413479581522953e-01
9.304211247392435435e-01
9.760059961082356850e-01
-8.150562735778488221e-01
8.829660014252316280e-02
8.424851813555482849e-01
5.139806149130063950e-01
3.109327418844598512e-02
-2.228938576551877659e-01
-3.882417631179335693e-01
-8.260407776238309907e-02
-9.930372957801816280e-01
-8.967641592833985875e-02
-8.463943260449009465e-01
8.657578726111403444e-01
-1.401882591234675512e-01
1.460700066436337874e-01
-9.865986471697407723e-01
4.935814889313372422e-01
-2.608125515755757018e-01
3.797133189057904090e-01
-7.070351728624046928e-02
-7.124313398666581865e-01
-9.790611283217716121e-01
-3.569733189757791081e-01
6.167028129074034748e-01
-7.511308873704138911e-01
7.095140468487095564e-01
-3.014933300836710739e-01
-9.590395186618221324e-01
-1.106781016667222062e-01
1.814205740383221244e-01
9.787888103472177637e-01
-1.865329416572243382e-01
-4.489677458762257878e-01
7.801505788744833580e-03
-8.251303180464883980e-01
-3.353884832809228556e-02
-9.074985908890469410e-01
3.145730095646777080e-01
3.287195150658843712e-01
3.134211852145964983e-01
-7.690417042411272774e-01
-7.452291071780374754e-01
6.688153332841637599e-01
-3.800927789371280063e-01
4.911248283099838297e-01
9.552643423342805917e-01
-5.824365972110931988e-01
6.779194431735819926e-01
-5.109392508818744183e-02
-5.720871299623175865e-02
-8.942155213399523017e-01
8.149869278282542151e-01
-9.150690292005512205e-01
9.809263729345496508e-02
7.931270354615538309e-02
8.858636772437569196e-01
-2.595989336419648463e-01
-1.562510837258523910e-01
3.752320244548981165e-01
8.017380232820507935e-01
6.602576324709550359e-01
9.848067630094299307e-01
-9.009347876066529093e-01
8.454901191667136828e-01
2.120766948169205968e-02
2.851830835201383252e-01
-2.696334238212472201e-04
-8.504621132993273047e-01
-1.662671554632633164e-01
-7.053470405133623888e-01
7.748797096606221402e-01
9.216813109784602887e-01
-5.359624831418556834e-01
-9.428781445764129465e-01
-7.861838522270396812e-01
2.017414399160444294e-01
-4.497806073301617857e-01
-5.286941349757168229e-01
-2.918916365237314015e-01
6.714009878123288200e-01
6.887424919028384274e-02
7.175310918852813025e-01
-4.846365484521997224e-01
1.310213586649688899e-01
-8.697536774531517967e-01
8.715887060373270767e-01
6.619195874865253515e-01
2.850096001493624964e-01
-2.941575717908491150e-01
6.857050444030940994e-01
2.386494833281442851e-01
-7.215035058845289395e-01
-4.408247231774322650e-01
7.574501996431406425e-01
5.353308356577901606e-02
-3.421574383573036116e-01
3.438483562437606444e-01
-5.976759185509930017e-01
-3.470798504472543122e-01
9.595260562025680340e-01
9.325727266822128048e-01
-3.132987833049516446e-02
-2.302575036782026352e-01
8.496007908528804276e-01
-4.362359572937730690e-01
6.139140801969302785e-01
4.413971501265547825e-01
-4.580843338109619189e-02
6.719771274894426050e-02
-1.504984660985126954e-01
7.883973022923163043e-02
-8.917948207419581497e-01
-7.377554828230565853e-01
9.074408235949216195e-01
-4.548950894298153802e-01
6.402339710047972865e-01
-8.543365537406604204e-01
-7.805042900908334413e-01
9.946369901192761986e-01
3.896078602598285201e-02
-4.048254501070651656e-01
-3.957902925277332340e-01
-8.372736762913690622e-01
7.266693166067128562e-01
7.843976552005427205e-01
7.700003116991815943e-01
1.330232457895330622e-01
-4.157072939088484187e-01
7.353779409507206211e-01
4.350648097876692599e-01
-9.737146235019420448e-01
-3.944291315364008010e-01
-9.476515711211164206e-01
-2.059686826407625126e-01
7.304755310914161637e-01
-4.967755213196889397e-01
1.398760091262449823e-01
-3.926272849062957260e-01
2.712809100990523081e-01
-5.524466782357446704e-01
-5.933968666545492709e-01
6.753012541046281569e-01
-8.718647191948230013e-01
-2.202910321765034762e-01
-7.392456691538065172e-01
-5.500755909867567350e-01
1.362203946560680556e-01
-4.540401503865649779e-01
9.375810124484003083e-01
1.918283604971187106e-01
-5.253576862369953027e-01
7.689111679920634934e-02
-7.971757473697731466e-01
-5.743121315769728064e-02
-7.808651206647054810e-01
-3.616349253950905673e-01
2.785185802736651617e-01
7.776804123366567456e-01
-2.871347164191240253e-01
-6.948962878762037221e-01
9.157306912145237732e-01
5.178421968599549174e-01
-6.676731787676359886e-02
1.574793320550564868e-01
7.169430876028062283e-01
9.618306099017097655e-01
-6.958645959483946708e-01
9.882918140528265116e-01
9.729190337006445866e-01
-8.014768842596857734e-01
-4.391892318107171178e-02
2.180786744741602945e-01
9.150571354899956766e-01
5.465699627280644624e-01
-9.437492635769331173e-01
7.816518649707089317e-01
8.460294413410232028e-01
-4.499382536154346024e-01
-1.692650732283389470e-01
9.141112803835893530e-02
1.006354594576002182e-01
-6.047016247155818647e-01
5.649392962095651782e-01
-3.189756070042972791e-01
8.834221968279742931e-01
-1.174257408834233907e-02
5.812622748447127119e-01
-4.755177452234384816e-01
-8.332412617499687091e-01
-2.316746547348187413e-01
2.944457903942532262e-02
6.286214199066515462e-01
5.638076433285534872e-01
-6.299413107425868574e-01
-8.875983521752373040e-01
-9.703580028028122584e-01
4.639637164291297022e-01
7.069818102740415000e-01
3.710363066012374311e-01
5.426434541669336031e-01
1.440816706801100189e-01
2.400784327122718054e-01
2.703969472284195597e-02
6.418265945827343888e-01
-8.292910523866838801e-01
-8.831052016921587811e-01
-2.615789914793003046e-01
9.005486808104645746e-04
1.101708537908210328e-01
