1.336750557274433593e+00
-3.868847121251388632e-01
-4.206077855582728287e-01
3.408467484734991615e-01
1.810423752496992389e-01
7.305196471077346487e-02
1.223713690326189152e-02
4.918833211972100106e-01
2.289900911491971058e-01
4.421832986650802155e-01
-6.623162984796726604e-02
3.545897808483111646e-01
-8.744139091162828059e-01
-3.549622101257587925e-01
-7.346118281082787416e-01
-2.228897071677657937e-01
-2.610743095965155636e-01
-2.028310964852200193e-01
6.390774598098549752e-01
-4.176518181225556958e-01
-5.459766022589596091e-01
6.632524074015102578e-01
-3.556762464400382573e-01
-5.172078729233553496e-02
-2.663013727860235047e-01
7.987256384365133410e-01
-3.589646548850486951e-01
5.440389117337718350e-01
1.879428384221777382e-01
7.488698066573193923e-01
7.032991578393683607e-01
6.920746151444312488e-02
8.611730647433624153e-01
-2.755931423662261182e-01
-5.155183830136693679e-01
-2.806428789785742062e-02
7.280274179166998927e-01
-2.909367688800901242e-02
-1.085159746832187189e-01
-3.493443434356178212e-01
8.196343098496909896e-01
-7.101732147815127405e-01
-8.720135399655959407e-01
5.011549608262446664e-01
2.119724330298624615e-01
-7.418373637080677430e-01
-4.033664762690334360e-01
4.512750210146685426e-01
2.216495163786758038e-01
1.765894899573445809e-01
-7.223480288803534322e-01
-8.656433558470069123e-01
5.240222958113049945e-01
-7.223527125178272890e-01
-2.408896027792750694e-02
1.036692015113780396e-01
-3.764683006169446955e-01
3.948478908668666687e-01
-6.495745571774029781e-01
2.279812998262471524e-01
5.376971550778475439e-01
8.407952212840719142e-01
1.729526068089839441e-01
-5.407864195833993470e-01
8.093266025086813809e-01
-9.394409872444815512e-01
-5.936615048426885366e-02
7.308525402104688595e-01
2.010316616405360968e-01
-2.486755407571674681e-01
1.068612306291893965e-01
5.687070877598454643e-01
4.436183997521139233e-01
-3.458706602655308160e-01
-8.726585388413752309e-01
-3.190101513742058525e-01
4.194158365532763000e-02
-4.818651115219803049e-01
-8.242051889498676065e-01
2.967248339469585883e-01
4.868885473841564338e-01
-2.669197013871882351e-01
5.881531685628267336e-01
-5.982752934303103842e-01
8.984297960723237608e-01
-7.155392843624033272e-01
9.484882629168027712e-01
-4.223588509029707616e-02
-2.280060714256140209e-01
-4.020247513739798606e-01
2.782627755747555387e-01
7.218906366076942582e-01
6.532530974465502460e-01
-1.092947226744365175e-01
4.955044961951533544e-01
-9.538805153446603402e-01
-5.847523043680882271e-01
-2.397827789995037318e-01
6.338667859255662229e-01
6.191435923855239665e-01
8.771086810024986136e-01
7.547355983092973730e-02
-9.864529130098125265e-01
5.994111600099851778e-01
2.975752280741046363e-01
7.490694323034132740e-01
-8.423141330990704390e-01
-2.248381866845536869e-01
4.432678934700124973e-01
-8.900937536420401308e-01
5.635052456546141286e-01
-7.698736143243363195e-01
4.579289379941338112e-01
7.481269346524317410e-01
-1.899142512898452928e-01
-2.346083416653477194e-02
5.200622172204540927e-01
-8.705216938364377377e-01
6.908331643621121732e-01
-7.797568797208824787e-01
2.254981796211215084e-01
-9.900138285975659258e-01
9.566493142753618173e-02
4.230027885745935023e-02
1.567331481180391783e-01
-3.632664053080376654e-01
-7.728895168095462065e-01
2.495225029178942400e-01
9.121427401559387693e-01
-9.485656616553790332e-01
-6.816093180380675687e-01
7.097109790296607379e-02
4.274820204518499089e-01
2.775300793139316990e-01
8.126518665680519948e-01
-6.510849117093442384e-01
-3.936546658596882242e-01
-4.210735820995750167e-01
3.971336578833639663e-03
4.253903724405958542e-01
-2.151533972929466909e-01
-4.401388515223270126e-01
5.592120813890513187e-01
-4.911614165650037833e-01
1.101333598310760831e-01
6.467436157460055846e-01
4.169644201025390906e-01
-9.475120029485479822e-01
-6.235562860987857725e-01
-1.049454363827730941e-01
7.307461751365467162e-01
7.884715323899578188e-01
-2.600587570111998481e-01
8.299539169875549405e-01
5.743392227413075535e-01
4.189489230242071649e-01
7.942580068265903126e-01
-9.332510160787008680e-01
2.772643288275487006e-01
-9.687968169215825931e-01
-9.609929657349411958e-01
4.427817434960752419e-01
-9.670000759088432929e-01
-4.597974931447370572e-01
-8.804977532404645313e-01
3.312831256162869220e-01
7.817364266721524846e-01
-4.939795907799813257e-01
-8.902187304020525715e-02
5.821211346403101228e-01
-7.470855303874301967e-02
-1.677855643168104649e-01
4.474935927272964964e-01
6.291809179725758039e-01
8.116962241436740388e-01
1.173153129298147856e-01
3.237445060761685589e-01
-9.123571865223589761e-02
-9.848016193880744229e-01
6.196269197079857793e-01
-7.235233199366619683e-01
4.727080751820678106e-01
-1.935714121440303970e-01
2.590860524538540766e-02
-5.738941812038733659e-02
-4.843693436469498348e-01
-3.306585943170439190e-01
9.202935539855321423e-01
-7.248342245511507631e-01
6.770013559146470516e-01
4.710219346646942196e-01
2.905095653470048944e-01
-1.254578980556848578e-01
-7.084207051935993427e-01
-5.000862584256491328e-01
-7.677432623539666157e-01
3.646293312307158363e-01
-4.097084088868319096e-01
-9.072517468744010216e-01
-7.322313483072304674e-01
-5.521984312915062532e-03
-3.317772585474334512e-01
7.422961640134291272e-01
4.735576886332952817e-01
-2.934606970850166530e-01
4.796344947495221334e-01
-2.110354708246793276e-01
-4.453035232249893394e-01
-4.853573331731915186e-01
-9.732136380911700080e-01
3.087431656736816521e-02
-8.548422800856523285e-01
7.114810139999896421e-01
4.628351416283149611e-01
7.739519433204189447e-02
-4.602506349416011222e-01
7.989737313204778868e-01
7.961001392034101620e-01
6.425954886519253950e-01
-5.450660468511241419e-01
2.843234130985357044e-01
7.789299545776320333e-01
5.322107642673570282e-01
1.079919188278728459e-01
-8.652828304420954186e-01
-5.965134274463419484e-01
7.378212595817508213e-01
9.429299251728144871e-01
2.577966313906394635e-01
-2.182477796959623184e-01
-6.061920654571377742e-01
-3.707915830904453536e-01
-4.468290498650131504e-01
2.375242798390730936e-01
7.845605679662408516e-01
-9.212991583463110423e-01
-8.221413313894556651e-01
9.604722136916181707e-01
-5.098729444471536976e-01
-3.128690611893807372e-01
-5.691727335916325625e-01
-9.162124014710470998e-01
-4.519240315802039998e-01
5.488734164492943268e-01
7.445476060399958129e-02
4.633631777182398714e-01
-2.093248853974338797e-01
-7.150373035630885887e-02
-9.444394901998629521e-01
9.282785253831871142e-01
9.561026754092247781e-01
-4.008430408344256790e-01
-7.300143185486760444e-01
5.649993186138333456e-01
3.859178217589036564e-01
1.925411464648236759e-01
-2.524479798551000354e-01
8.153920534634744310e-01
-6.714154068894351290e-02
4.753381484875380814e-01
4.281956045498982455e-01
9.619119064098675675e-01
-3.239269630291250479e-01
-2.995962975827728414e-01
1.735527806172456611e-01
