1.000000000000000056e-01
-1.844864629820754942e-01
-7.861078070968521292e-01
-4.026581932675594722e-01
-2.857725087050000390e-01
-3.392922129759985417e-01
-2.366843350818554903e-01
-4.254571796137036621e-01
4.216732905753670657e-01
5.805877219204294004e-01
6.593253733411232886e-01
-8.631727621239979609e-01
-9.322473653018688022e-01
-5.302784081342395428e-01
-5.910287764856370085e-01
6.855571569406004873e-01
-2.732909368276428275e-01
3.665906141576353861e-01
8.556592310411987867e-01
2.891066913545103922e-02
5.043285989080459331e-02
5.616598425756138546e-01
6.102978280756670149e-01
8.283501879383610156e-01
-7.402001474137120951e-02
-7.660617445060955433e-01
-2.946692490406725984e-01
-6.243372698695091039e-01
2.862316266065336734e-01
-3.028599393702990916e-01
-1.889968452853427738e-01
5.285469983317019338e-01
-6.284279231419802603e-01
-6.491909296555002928e-01
8.692040019848799037e-01
9.367403431813547954e-01
6.232163008111804015e-01
-5.210134730312865337e-02
-4.946732261807467168e-01
-6.201068634797961554e-01
7.534385085255816961e-01
-6.472698518642594490e-01
-3.465313485272067950e-01
5.350699117789563530e-01
5.227272123643174062e-01
-5.711236176875567061e-01
8.625332142299071414e-01
-3.524902723321663434e-01
7.862411153883857029e-01
4.821857816493722027e-01
8.056086722975956960e-01
7.239393455035825209e-01
2.761443217701069486e-01
-2.390354734451141105e-01
1.949346512725780300e-02
-2.891433392734561458e-01
2.243328112030540389e-01
8.999182134471124250e-01
2.592698817396590361e-01
-1.212847445328391061e-01
3.849373639259801028e-01
6.538189568602399415e-01
8.404862553300043171e-01
5.783215659949680898e-02
8.201732254496569841e-01
-8.319836276591829893e-02
-7.679822742676600811e-01
-2.494545392705855846e-01
6.942052591375340587e-01
4.651224901132233747e-02
2.407071448137041436e-01
7.835628682175530546e-01
4.653106438606229300e-01
-7.906831240946523565e-01
7.146633359226428617e-01
-2.481794918552802098e-01
-4.813949023306141051e-01
-7.455858279299965030e-01
-7.708884809957459172e-01
-1.193700522749572279e-01
-9.167096205400264708e-01
2.467476919684221670e-01
-9.171170614397956555e-01
9.383385527968430839e-01
7.184642679454895653e-01
-5.064956343874229550e-01
-7.620850129746248314e-01
7.292770781288777648e-01
6.488936583533768676e-01
5.058907696762600104e-01
9.117559165827495704e-01
8.899832458588705641e-01
4.796561501976892572e-01
1.966268169818730094e-01
1.232232336215759450e-01
7.104493337287403065e-01
-8.426022811594295892e-01
3.890799606942145772e-01
1.688942335361389713e-01
3.916290033604743481e-01
8.140016672825234334e-01
-8.184781810441512651e-01
5.220114705392804311e-01
-3.343325463797723884e-01
8.433721721634150903e-01
-7.320887615422035921e-01
-3.495966304228137478e-01
-6.531622340236791224e-01
-9.324555213133303155e-01
-2.013962204907604470e-01
-4.466487147274627034e-01
-7.729675305044070299e-01
-1.728347932458180747e-01
-4.375402441160853861e-01
8.308472320913482534e-01
9.655738135408675760e-02
7.406995783272609657e-01
-1.724951498157676344e-01
-3.174891906414591958e-01
7.115613794773185674e-01
-9.267546045794310405e-01
6.742225365987941643e-01
4.248925368360139121e-01
-6.523075585841822122e-01
4.712244487949142080e-01
-1.510673450092259174e-01
9.826435929949983716e-02
-3.864665991493472230e-01
7.838586150622637305e-01
-2.850884261175044010e-01
4.088794053284738883e-01
4.123734989329810308e-01
-2.622979899485688993e-01
-7.048879564640113671e-01
-5.381641373524996830e-01
-6.867628959209877149e-01
-6.835382843931463448e-01
9.012489384754596156e-01
-8.572423777399913458e-01
5.953328058760358754e-01
-6.104697264753031760e-01
-3.199131346749295446e-02
8.283091502537911488e-01
-8.328723951113152779e-01
3.121680187612991819e-01
-4.409544058445906689e-01
-3.397821290720852705e-01
-9.471369217209311131e-01
8.094302533194159821e-01
1.056182384045185607e-01
2.928910366667563103e-01
3.227292311740910247e-01
7.819849142126180652e-01
-5.301382390584392645e-01
-5.388636394140862151e-01
-4.530200209134154221e-01
5.567402327134973739e-02
9.715778912598331818e-01
-2.394929929049733897e-01
-2.681441827590891336e-02
-3.557214898344751575e-01
-8.478089465606393205e-01
-4.438797511685341757e-01
-3.396880008181755173e-01
2.659206527757582705e-01
-8.181653444190286617e-01
-6.075597219786441627e-01
-6.081853633320948305e-01
-8.478161460651776338e-01
6.619680154322651333e-01
7.244132628211272795e-01
8.565618617106101063e-01
4.192396073088431319e-01
-4.437715919775637730e-01
2.140188683456694108e-01
3.656546637886903817e-01
-5.650253260462307914e-01
-8.387324637488280388e-01
-2.539944757818390908e-01
-9.702489158130247482e-01
8.617276969907050610e-01
-2.132831768081420165e-01
-7.340381287671147170e-01
9.348579739470181948e-01
4.503896353957606014e-01
-5.940272514678368587e-01
3.316929705978319820e-01
4.809848556139482145e-01
-7.400931331865088225e-01
-1.755858043108293742e-03
6.283135282584084713e-01
-1.284766113875577265e-01
-9.145638555063664299e-01
1.434253459120318208e-01
-7.490940227942122220e-02
-6.290192549128676980e-01
-2.283798494171596083e-02
-4.845878002938242002e-01
7.998398913774245056e-01
4.842053714874701154e-01
9.913164523604844902e-01
-5.264293535225115228e-01
-1.943773244947644141e-01
-1.172683580356042032e-01
-9.843383999168451304e-01
6.536899962878319759e-01
7.494885046922163951e-01
1.756178144549023212e-01
-6.805530895839115857e-01
-2.222742356024931532e-02
-4.887563126083565024e-01
-6.825152770651361500e-01
7.159213650659077555e-01
9.213522588064797514e-01
-1.856211940250274139e-01
3.492737669421130953e-01
-1.965498517405808165e-01
-3.526622797654339614e-01
7.925978597993725838e-01
2.540543903618739385e-01
2.476344417570490730e-01
3.065174097215987992e-01
6.060010641541930809e-01
1.251830547073746747e-01
1.320460345918923473e-01
-2.889958335976128279e-01
9.235794160281227683e-01
-3.648190337386119086e-01
5.989761484207987152e-01
2.164216550604283196e-01
1.281213380076708930e-01
7.218255584547974557e-01
-9.687441935997775921e-01
-6.888746979602555776e-01
-8.296541938811496930e-01
-3.582579306239024319e-01
1.487229818673783122e-01
5.295037930664325820e-02
-2.521020830924245448e-01
4.390303316101817899e-01
5.346057638624821529e-01
-3.314083156246292461e-01
-4.359155431945167525e-01
-4.982269577548972261e-01
1.127128712902931706e-01
2.067177391041465917e-01
9.441503504679760184e-02
4.690664299764979450e-01
-9.673445034654768460e-01
3.016545191470076936e-02
9.180100831800546146e-01
-1.441438726256740743e-01
-4.440369583531780240e-01
7.113261270542814430e-02
6.219876993204549454e-01
2.100483262720860278e-01
5.448384017409459990e-01
7.025163091306176888e-01
-9.905633797018809084e-01
8.566486587183903545e-01
-8.312230202328527717e-01
-5.756299456716342799e-01
-7.092482804154798259e-02
3.937941423457107515e-01
-5.185973799776633086e-02
